0.0
0.0
0.0
0.0
0.0
0.0
0.0
0.0
0.0
0.0
0.0
0.0
0.0
0.0
0.0
0.0003
0.0
0.0
0.0034
0.005
0.0033
0.0045
0.0032
0.0
0.0
0.0
0.0
0.0
0.0
0.0
0.0004
0.0
0.0002
0.0007
0.0021
0.0008
0.0
0.0
0.0
0.0
0.0
0.0
0.0
0.0003
0.0087
0.0075
0.0009
0.0007
0.0
0.0
0.0005
0.0
0.0
0.0
0.0
0.0
0.0001
0.0
0.0
0.0
0.0002
0.0
0.0
0.0
0.0
0.0
0.0
0.0
0.003
0.0052
0.006
0.0029
0.001
0.0
0.0
0.0
0.0
0.0
0.0
0.0002
0.0
0.0
0.0
0.0
0.0
0.0
0.0008
0.003
0.0002
0.0
0.0
0.0
0.0031
0.0054
0.0026
0.0
0.0
0.0
0.0
0.0
0.0
0.0
0.0
0.0002
0.0
0.0
0.0
0.0
0.0
0.0
0.0
0.0
0.0
0.0
0.0
0.0
0.0095
0.0096
0.0033
0.0
0.0
0.0
0.0
0.0
0.0
0.0012
0.0
0.0
0.0
0.0
0.0
0.0
0.0
0.0
0.0
0.0
0.0
0.0
0.0003
0.0
0.0071
0.0099
0.0059
0.0034
0.0
0.0
0.0
0.0003
0.0
0.0
0.0
0.0001
0.0
0.0
0.0
0.0
0.0
0.0
0.0
0.0
0.0002
0.0
0.0001
0.0014
0.0031
0.0073
0.0044
0.0034
0.0006
0.0014
0.0
0.0
0.0
0.0
0.0
0.0
0.0
0.0
0.0
0.0
0.0
0.0
0.0
0.0
0.0
0.0
0.0
0.0015
0.0032
0.0045
0.0
0.0
0.0
0.0
0.0002
0.0
0.0
0.0
0.0
0.0002
0.0
0.0001
0.0
0.0
0.0
0.0
0.0
0.0
0.001
0.0004
0.0001
0.0
0.0038
0.0067
0.0025
0.0
0.0
0.0
0.0
0.0
0.0
0.0
0.0
0.0
0.0
0.0
0.0
0.0
0.0
0.0
0.0
0.0
0.0
0.0032
0.001
0.0
0.002
0.0021
0.0043
0.0009
0.0
0.0
0.0
0.0
0.0
0.0
0.0
0.0
0.002
0.0004
0.0
0.0001
0.0012
0.0012
0.0
0.0
0.0
0.0
0.0
0.0003
0.004
0.0051
0.0046
0.0035
0.0
0.0
0.0
0.0
0.0
0.0
0.0
0.0001
0.0
0.0
0.0
0.0
0.0
0.0
0.0
0.0
0.0001
0.0011
0.0007
0.0009
0.0027
0.0035
0.0063
0.0031
0.0
0.0
0.0
0.0
0.0
0.0
0.0013
0.0006
0.0
0.0
0.0
0.0
0.0
0.0
0.0
0.0
0.0
0.0
0.0
0.0
0.003
0.0029
0.0078
0.0012
0.0
0.0
0.0
0.0
0.0
0.0
0.0
0.0001
0.0
0.0
0.0
0.0
0.0007
0.0011
0.0
0.0
0.0
0.0
0.0
0.0
0.0027
0.0033
0.0015
0.0
0.0
0.0
0.0
0.0
0.0
0.0
0.0
0.0
0.0
0.0008
0.0001
0.0
0.0
0.0011
0.0001
0.0
0.0
0.0
0.0
0.0
0.0018
0.0025
0.0059
0.0046
0.0
0.0
0.0
0.0
0.0
0.0
0.0
0.0
0.0
0.0
0.0
0.0003
0.0
0.0
0.0
0.0
0.0
0.0
0.0001
0.0
0.0012
0.0022
0.0044
0.0052
0.0
0.0
0.0
0.0
0.0
0.0
0.0
0.0018
0.0
0.0
0.0
0.0
0.0
0.0
0.0
0.0
0.0
0.0
0.0
0.0
0.0014
0.0028
0.0039
0.0
0.0
0.0
0.0
0.0
0.0
0.0
0.0
0.0007
0.0
0.0
0.0
0.0
0.0
0.0
0.0
0.0
0.0
0.0
0.0
0.0
0.0007
0.0056
0.0037
0.0034
0.0
0.0
0.0
0.0004
0.0
0.0
0.0
0.0
0.0
0.0
0.0
0.0
0.0
0.0
0.0
0.0
0.0
0.0
0.0
0.0
0.0011
0.0055
0.0045
0.0038
0.0
0.0
0.0
0.0
0.0
0.0006
0.0
0.0
0.0
0.0
0.0
0.0
0.0
0.0
0.0
0.0
0.0007
0.0014
0.0
0.0
0.0017
0.0019
0.0045
0.0022
0.0004
0.0005
0.0
0.0
0.0
0.0
0.0
0.0004
0.0
0.0
0.0
0.0
0.0
0.0
0.0
0.0
0.0
0.0
0.0014
0.0001
0.0021
0.0064
0.0036
0.0
0.0
0.0
0.0
0.0
0.0
0.0
0.0
0.0
0.0
0.0
0.0
0.0
0.0
0.0004
0.0
0.0
0.0
0.0011
0.0014
0.0
0.001
0.0033
0.0042
0.0001
0.0012
0.0
0.0
0.0
0.0
0.0
0.0
0.0
0.0
0.0
0.0015
0.0002
0.0023
0.0011
0.0
0.0
0.0
0.0
0.0
0.0019
0.0044
0.0047
0.0033
0.0009
0.0
0.0
0.0
0.0
0.0
0.0
0.0
0.0008
0.0
0.0
0.0
0.0007
0.0005
0.0004
0.0
0.0
0.0
0.0
0.0009
0.0001
0.0006
0.001
0.003
0.0
0.0
0.0
0.0
0.0
0.0
0.0
0.0
0.0
0.0
0.0
0.0
0.0
0.0
0.0
0.0
0.0003
0.0015
0.001
0.0
0.0
0.002
0.0027
0.0023
0.0
0.0
0.0
0.0
0.0
0.0
0.0
0.0
0.0005
0.0
0.0
0.0
0.0
0.0
0.0
0.0008
0.0037
0.0006
0.0
0.0
0.0034
0.0029
0.006
0.004
0.0009
0.0
0.0
0.0
0.0
0.0
0.0006
0.0
0.0
0.0
0.0
0.0
0.0
0.0
0.0
0.0
0.0
0.0
0.0
0.0008
0.0004
0.0039
0.0111
0.0069
0.0013
0.0
0.0
0.0
0.0
0.0
0.0
0.0
0.001
0.0017
0.0015
0.0076
0.0079
0.0026
0.0
0.0001
0.0002
0.0
0.0
0.0
0.0001
0.0023
0.0127
0.0059
0.0005
0.0
0.0
0.0
0.0
0.0
0.0
0.0
0.0003
0.0
0.0
0.0
0.0018
0.0038
0.0003
0.0
0.0001
0.0002
0.0
0.0
0.0
0.0012
0.0049
0.0035
0.0
0.0
0.0
0.0
0.0
0.0
0.0
0.0001
0.0001
0.0
0.0
0.0
0.0
0.0
0.0
0.0
0.0
0.0
0.0
0.0
0.0
0.0022
0.0038
0.0053
0.0011
0.0
0.0
0.0
0.0
0.0
0.0
0.0
0.0019
0.0003
0.0
0.0
0.0
0.0
0.0
0.0
0.0
0.0018
0.007
0.013
0.0006
0.0025
0.0083
0.0047
0.0
0.0
0.0
0.0
0.0
0.0
0.0
0.0
0.0001
0.0002
0.0003
0.0
0.0
0.0
0.0
0.0
0.0
0.0006
0.0013
0.0
0.0005
0.042
0.0071
0.008
0.0027
0.0
0.0
0.0
0.0
0.0
0.0001
0.0005
0.0006
0.0
0.0
0.0
0.0
0.0
0.0206
0.0034
0.0007
0.0
0.0
0.0001
0.0035
0.0013
0.0041
0.0044
0.0033
0.0
0.0
0.0
0.0028
0.002
0.0001
0.0
0.0
0.0
0.0
0.0
0.0
0.0
0.0
0.0007
0.0
0.0001
0.0
0.0
0.0
0.0035
0.0088
0.0046
0.0035
0.0
0.0
0.0
0.0
0.0
0.0
0.0003
0.0024
0.0
0.0
0.0
0.0
0.0
0.0
0.0
0.0
0.0
0.0
0.0293
0.0001
0.0282
0.0558
0.0166
0.0066
0.0
0.0
0.0
0.0
0.0
0.0
0.0
0.0006
0.0002
0.0013
0.0009
0.0
0.0
0.0
0.0005
0.0023
0.0
0.0023
0.0011
0.0004
0.0074
0.0133
0.0048
0.0004
0.0
0.0
0.0
0.0
0.0
0.0
0.0
0.0001
0.0004
0.006
0.0049
0.0017
0.0057
0.0008
0.001
0.0
0.0
0.0
0.0
0.0
0.0066
0.0083
0.0065
0.0
0.0
0.0
0.0
0.0
0.0
0.0
0.0
0.0
0.0
0.0
0.0
0.0
0.0
0.0
0.0008
0.0016
0.0001
0.001
0.0008
0.0001
0.0014
0.0051
0.003
0.0012
0.0
0.0
0.0
0.0
0.0
0.0
0.0
0.0001
0.0
0.0
0.0
0.0
0.0
0.0
0.0
0.0
0.0
0.0
0.0
0.0
0.0016
0.0036
0.0059
0.0742
0.0003
0.0
0.0
0.0
0.0
0.0
0.0
0.0
0.0
0.0
0.0
0.0
0.0
0.0234
0.0
0.0
0.0
0.0
0.001
0.0013
0.0007
0.0056
0.0086
0.0462
0.0
0.0
0.0
0.0
0.0
0.0
0.0
0.0
0.0
0.0
0.0
0.0
0.0
0.0
0.0
0.0
0.0
0.0
0.0
0.0
0.0
0.0
0.0
0.0
0.0
0.0
0.0
0.0
0.0
0.0
0.0
0.0
0.0
0.0
0.0
0.0
0.0
0.0
0.0
0.0
0.0
0.0
0.0
0.0823
0.0952
0.0842
0.0
0.0
0.0
0.0
0.0
0.0
0.0
0.0
0.0
0.0
0.0
0.0
0.0
0.0
0.0
0.0
0.0
0.0
0.0
0.0
0.0
0.0
0.0
0.0861
0.0911
0.0641
0.0021
0.0
0.0
0.0
0.0
0.0
0.0001
0.0
0.0
0.0
0.0
0.0
0.0
0.0077
0.042
0.0
0.0
0.0228
0.0617
0.0565
0.0906
0.0168
0.0
0.0
0.0
0.0
0.0
0.0
0.0
0.0
0.0
0.0
0.0
0.0
0.0
0.0
0.0
0.0
0.0
0.0
0.3716
0.0567
0.0038
0.0602
0.0542
0.0765
0.0337
0.0
0.0
0.0
0.0
0.0
0.0
0.0
0.0
0.0
0.0
0.0
0.0
0.0
0.0
0.0
0.0
0.0
0.0
0.0
0.268
0.0211
0.0794
0.0171
0.0
0.0
0.0
0.0
0.0
0.0
0.0
0.0
0.0
0.0
0.0
0.0
0.0
0.0
0.0
0.0
0.0
0.0
0.0
0.0
0.0
0.0
0.0
0.0
0.0
0.0
0.0
0.0
0.0
0.0
0.0
0.0
0.0
0.0
0.0
0.0
0.0
0.0
0.0
0.0
0.0
0.0
0.0
0.0
0.0
0.0
0.0
0.0
0.0
0.0
0.0
0.0
0.0
0.0
0.0
0.0
0.0
0.0
0.0
0.0
0.0
0.0
0.0
0.0
0.0
0.0
0.0
0.0
0.0
0.0
0.0
0.0
0.0
0.0
0.0
0.0
0.0
0.0
0.0
0.0
0.0
0.0
0.0
0.0
0.0
0.0
0.0
0.0
0.0
0.0
0.0
0.0
0.0
0.0431
0.0126
0.0115
0.0274
0.0003
0.0
0.0
0.0
0.0
0.0
0.0
0.0005
0.0001
0.0
0.0
0.0
0.0
0.0
0.0
0.0
0.0
0.0
0.0
0.0
0.0
0.0006
0.0038
0.004
0.0336
0.021
0.0
0.0
0.0
0.0
0.0
0.0003
0.0006
0.0
0.0
0.0
0.0
0.0
0.0022
0.014
0.0
0.0
0.0
0.0087
0.0082
0.015
0.0133
0.0043
0.0041
0.0
0.0001
0.0
0.0
0.0
0.0
0.0
0.0002
0.0
0.0
0.0
0.0
0.0
0.0
0.0
0.0
0.0
0.0
0.0
0.0
0.0
0.0017
0.028
0.0122
0.0
0.0
0.0
0.0
0.0
0.0
0.0
0.0002
0.0
0.0
0.0001
0.0
0.0
0.0
0.0
0.0
0.0
0.0
0.0
0.0
0.0
0.0
0.0059
0.0116
0.002
0.0
0.0
0.0
0.0
0.0006
0.0033
0.0
0.0
0.0
0.0
0.0
0.0
0.0
0.0
0.0
0.0
0.0051
0.0089
0.0027
0.0839
0.0747
0.0458
0.0
0.0
0.0
0.0
0.0
0.0
0.0
0.0
0.0
0.0
0.0
0.0
0.0
0.0
0.0
0.0
0.0
0.0
0.0
0.0
0.0
0.0
0.0
0.0
0.0
0.0
0.0
0.0
0.0
0.0
0.0
0.0
0.0
0.0
0.0
0.0
0.0
0.0
0.0
0.0
0.0
0.0
0.0
0.0
0.0
0.0
0.0
0.0
0.0
0.0
0.0
0.0
0.0
0.0
0.0
0.0
0.0
0.0
0.0
0.0
0.0
0.0
0.0
0.0
0.0
0.0
0.0
0.0
0.0
0.0
0.0
0.0
0.0
0.0
0.0
0.0
0.0
0.0
0.0
0.0
0.0
0.0
0.0
0.0
0.0
0.0
0.0
0.0
0.0
0.0
0.0
0.0
0.0
0.0
0.0
0.0
0.0
0.0
0.0
0.0
0.0
0.0
0.0
0.0
0.0
0.0
0.0
0.0
0.0
0.0
0.0
0.0
0.0
0.0
0.0
0.0
0.0
0.0
0.0
0.0
0.0
0.0
0.0
0.0
0.0
0.0
0.0
0.0
0.0
0.0
0.0
0.0
0.0
0.0
0.0
0.0
0.0
0.0
0.0
0.0
0.0
0.0
0.0
0.0
0.0
0.0
0.0
0.0
0.0
0.0
0.0
0.0
0.0
0.0
0.0
0.0
0.0
0.0
0.0
0.0
0.0
0.0
0.0
0.0
0.0
0.0
0.0
0.0
0.0
0.0
0.0
0.0
0.0
0.0
0.0
0.0
0.0
0.0
0.0
0.0
0.0
0.0
0.0
0.0
0.0
0.0
0.0
0.0
0.0
0.0
0.0
0.0
0.0
0.0
0.0
0.0
0.0
0.0
0.0
0.0
0.0
0.0
0.0
0.0
0.0
0.0
0.0
0.0
0.0
0.0
0.0
0.0
0.0
0.0
0.0
0.0
0.0
0.0
0.0
0.0
0.0
0.0
0.0
0.0
0.0
0.0
0.0
0.0
0.0
0.0
0.0
0.0
0.0
0.0
0.0
0.0
0.0
0.0
0.0
0.0
0.0
0.0
0.0
0.0
0.0
0.0
0.0
0.0
0.0
0.0
0.0
0.0
0.0
0.0
0.0
0.0
0.0
0.0
0.0
0.0
0.0
0.0
0.0
0.0
0.0
0.0
0.0
0.0
0.0
0.0
0.0
0.0
0.0
0.0
0.0
0.0
0.0
0.0
0.0
0.0
0.0
0.0
0.0
0.0
0.0
0.0
0.0
0.0
0.0
0.0
0.0
0.0
0.0
0.0
0.0
0.0
0.0
0.0
0.0
0.0
0.0
0.0
0.0
0.0
0.0
0.0
0.0
0.0
0.0
0.0
0.0
0.0
0.0
0.0
0.0
0.0
0.0
0.0
0.0
0.0
0.0
0.0
0.0
0.0
0.0
0.0
0.0
0.0
0.0
0.0
0.0
0.0
0.0
0.0
0.0
0.0
0.0
0.0
0.0
0.0
0.0
0.0
0.0
0.0
0.0
0.0
0.0
0.0
0.0
0.0
0.0
0.0
0.0
0.0
0.0
0.0
0.0
0.0
0.0
0.0
0.0
0.0
0.0
0.0
0.0
0.0
0.0
0.0
0.0
0.0
0.0
0.0
0.0
0.0
0.0
0.0
0.0
0.0
0.0
0.0
0.0
0.0
0.0
0.0
0.0
0.0
0.0
0.0
0.0
0.0
0.0
0.0
0.0
0.0
0.0
0.0
0.0
0.0
0.0
0.0
0.0
0.0
0.0
0.0
0.0
0.0
0.0
0.0
0.0
0.0
0.0
0.0
0.0
0.0
0.0
0.0
0.0
0.0
0.0
0.0
0.0
0.0
0.0
0.0
0.0
0.0
0.0
0.0
0.0
0.0
0.0
0.0
0.0
0.0
0.0
0.0
0.0
0.0
0.0
0.0
0.0
0.0
0.0
0.0
0.0
0.0
0.0
0.0
0.0
0.0
0.0
0.0
0.0
0.0
0.0
0.0
0.0
0.0
0.0
0.0
0.0
0.0
0.0
0.0
0.0
0.0
0.0
0.0
0.0
0.0
0.0
0.0
0.0
0.0
0.0
0.0
0.0
0.0
0.0
0.0
0.0
0.0
0.0
0.0
0.0
0.0
0.0
0.0
0.0
0.0
0.0
0.0
0.0
0.0
0.0
0.0
0.0
0.0
0.0
0.0
0.0
0.0
0.0
0.0
0.0
0.0
0.0
0.0
0.0
0.0
0.0
0.0
0.0
0.0
0.0
0.0
0.0
0.0
0.0
0.0
0.0
0.0
0.0
0.0
0.0
0.0
0.0
0.0
0.0
0.0
0.0
0.0
0.0
0.0
0.0
0.0
0.0
0.0
0.0
0.0
0.0
0.0
0.0
0.0
0.0
0.0
0.0
0.0
0.0
0.0
0.0
0.0
0.0
0.0
0.0
0.0
0.0
0.0
0.0
0.0
0.0
0.0
0.0
0.0
0.0
0.0
0.0
0.0
0.0
0.0
0.0
0.0
0.0
0.0
0.0
0.0
0.0
0.0
0.0
0.0
0.0
0.0
0.0
0.0
0.0
0.0
0.0
0.0
0.0
0.0
0.0
0.0
0.0
0.0
0.0
0.0
0.0
0.0
0.0
0.0
0.0
0.0
0.0
0.0
0.0
0.0
0.0
0.0
0.0
0.0
0.0
0.0
0.0
0.0
0.0
0.0
0.0
0.0
0.0
0.0
0.0
0.0
0.0
0.0
0.0
0.0
0.0
0.0
0.0
0.0
0.0
0.0
0.0
0.0
0.0
0.0
0.0
0.0
0.0
0.0
0.0
0.0
0.0
0.0
0.0
0.0
0.0
0.0
0.0
0.0
0.0
0.0
0.0
0.0
0.0
0.0
0.0
0.0
0.0
0.0
0.0
0.0
0.0
0.0
0.0
0.0
0.0
0.0
0.0
0.0
0.0
0.0
0.0
0.0
0.0
0.0
0.0
0.0
0.0
0.0
0.0
0.0
0.0
0.0
0.0
0.0
0.0
0.0
0.0
0.0
0.0
0.0
0.0
0.0
0.0
0.0
0.0
0.0
0.0
0.0
0.0
0.0
0.0
0.0
0.0
0.0
0.0
0.0
0.0
0.0
0.0
0.0
0.0
0.0
0.0
0.0
0.0
0.0
0.0
0.0
0.0
0.0
0.0
0.0
0.0
0.0
0.0
0.0
0.0
0.0
0.0
0.0
0.0
0.0
0.0
0.0
0.0
0.0
0.0
0.0
0.0
0.0
0.0
0.0
0.0
0.0
0.0
0.0
0.0
0.0
0.0
0.0
0.0
0.0
0.0
0.0
0.0
0.0
0.0
0.0
0.0
0.0
0.0
0.0
0.0
0.0
0.0
0.0
0.0
0.0
0.0
0.0
0.0
0.0
0.0
0.0
0.0
0.0
0.0
0.0
0.0
0.0
0.0
0.0
0.0
0.0
0.0
0.0
0.0
0.0
0.0
0.0
0.0
0.0
0.0
0.0
0.0
0.0
0.0
0.0
0.0
0.0
0.0
0.0
0.0
0.0
0.0
0.0
0.0
0.0
0.0
0.0
0.0
0.0
0.0
0.0
0.0
0.0
0.0
0.0
0.0
0.0
0.0
0.0
0.0
0.0
0.0
0.0
0.0
0.0
0.0
0.0
0.0
0.0
0.0
0.0
0.0
0.0
0.0
0.0
0.0
0.0
0.0
0.0
0.0
0.0
0.0
0.0
0.0
0.0
0.0
0.0
0.0
0.0
0.0
0.0
0.0
0.0
0.0
0.0
0.0
0.0
0.0
0.0
0.0
0.0
0.0
0.0
0.0
0.0
0.0
0.0
0.0
0.0
0.0
0.0
0.0
0.0
0.0
0.0
0.0
0.0
0.0
0.0
0.0
0.0
0.0
0.0
0.0
0.0
0.0
0.0
0.0
0.0
0.0
0.0
0.0
0.0
0.0
0.0
0.0
0.0
0.0
0.0
0.0
0.0
0.0
0.0
0.0
0.0
0.0
0.0
0.0
0.0
0.0
0.0
0.0
0.0
0.0
0.0
0.0
0.0
0.0
0.0
0.0
0.0
0.0
0.0
0.0
0.0
0.0
0.0
0.0
0.0
0.0
0.0
0.0
0.0
0.0
0.0
0.0
0.0
0.0
0.0
0.0
0.0
0.0
0.0
0.0
0.0
0.0
0.0
0.0
0.0
0.0
0.0
0.0
0.0
0.0
0.0
0.0
0.0
0.0
0.0
0.0
0.0
0.0
0.0
0.0
0.0
0.0
0.0
0.0
0.0
0.0
0.0
0.0
0.0
0.0
0.0
0.0
0.0
0.0
0.0
0.0
0.0
0.0
0.0
0.0
0.0
0.0
0.0
0.0
0.0
0.0
0.0
0.0
0.0
0.0
0.0
0.0
0.0
0.0
0.0
0.0
0.0
0.0
0.0
0.0
0.0
0.0
0.0
0.0
0.0
0.0
0.0
0.0
0.0
0.0
0.0
0.0
0.0
0.0
0.0
0.0
0.0
0.0
0.0
0.0
0.0
0.0
0.0
0.0
0.0
0.0
0.0
0.0
0.0
0.0
0.0
0.0
0.0
0.0
0.0
0.0
0.0
0.0
0.0
0.0
0.0
0.0
0.0
0.0
0.0
0.0
0.0
0.0
0.0
0.0
0.0
0.0
0.0
0.0
0.0
0.0
0.0
0.0
0.0
0.0
0.0
0.0
0.0
0.0
0.0
0.0
0.0
0.0
0.0
0.0
0.0
0.0
0.0
0.0
0.0
0.0
0.0
0.0
0.0
0.0
0.0
0.0
0.0
0.0
0.0
0.0
0.0
0.0
0.0
0.0
0.0
0.0
0.0
0.0
0.0
0.0
0.0
0.0
0.0
0.0
0.0
0.0
0.0
0.0
0.0
0.0
0.0
0.0
0.0
0.0
0.0
0.0
0.0
0.0
0.0
0.0
0.0
0.0
0.0
0.0
0.0
0.0
0.0
0.0
0.0
0.0
0.0
0.0
0.0
0.0
0.0
0.0
0.0
0.0
0.0
0.0
0.0
0.0
0.0
0.0
0.0
0.0
0.0
0.0
0.0
0.0
0.0
0.0
0.0
0.0
0.0
0.0
0.0
0.0
0.0
0.0
0.0
0.0
0.0
0.0
0.0
0.0
0.0
0.0
0.0
0.0
0.0
0.0
0.0
0.0
0.0
0.0
0.0
0.0
0.0
0.0
0.0
0.0
0.0
0.0
0.0
0.0
0.0
0.0
0.0
0.0
0.0
0.0
0.0
0.0
0.0
0.0
0.0
0.0
0.0
0.0
0.0
0.0
0.0
0.0
0.0
0.0
0.0
0.0
0.0
0.0
0.0
0.0
0.0
0.0
0.0
0.0
0.0
0.0
0.0
0.0
0.0
0.0
0.0
0.0
0.0
0.0
0.0
0.0
0.0
0.0
0.0
0.0
0.0
0.0
0.0
0.0
0.0
0.0
0.0
0.0
0.0
0.0
0.0
0.0
0.0
0.0
0.0
0.0
0.0
0.0
0.0
0.0
0.0
0.0
0.0
0.0
0.0
0.0
0.0
0.0001
0.0
0.0
0.0
0.0
0.0
0.0199
0.0
0.0034
0.0007
0.0
0.0
0.0
0.0
0.0
0.0
0.0
0.0012
0.0
0.0004
0.0
0.0
0.0
0.0
0.0
0.0
0.0
0.0
0.0
0.0
0.0
0.0016
0.0113
0.0708
0.0
0.0
0.0
0.0
0.0
0.0
0.0002
0.0
0.0
0.0
0.0
0.0
0.0
0.0
0.0
0.0
0.0
0.0
0.0
0.0
0.0
0.001
0.02
0.0039
0.0001
0.0
0.0
0.0
0.0
0.0009
0.0
0.0
0.0
0.0
0.0
0.0
0.0
0.0
0.0
0.0
0.0
0.0
0.0
0.0
0.0006
0.0045
0.0109
0.0108
0.0
0.0
0.0
0.0
0.0
0.0
0.0
0.0
0.0
0.0024
0.0003
0.0001
0.0012
0.0014
0.0002
0.0
0.0
0.0
0.0
0.0
0.0008
0.0069
0.0095
0.005
0.0042
0.0002
0.0
0.0
0.0
0.0
0.0001
0.0
0.0
0.0
0.0
0.0
0.0
0.0
0.0
0.0
0.0
0.0
0.0001
0.0
0.0003
0.0
0.0022
0.0024
0.0025
0.0
0.0
0.0
0.0
0.0
0.0
0.0
0.0001
0.0
0.0
0.0
0.0
0.0
0.0
0.0
0.0
0.0
0.0003
0.0002
0.0011
0.0016
0.0079
0.0083
0.0001
0.0
0.0
0.0
0.0
0.0002
0.0019
0.005
0.0
0.0
0.0
0.0
0.0
0.0
0.0
0.0
0.0001
0.0082
0.0092
0.0
0.0001
0.0492
0.025
0.0071
0.0008
0.0
0.0
0.0
0.0
0.0002
0.0044
0.0031
0.0
0.0001
0.0016
0.0009
0.0
0.0
0.0032
0.0007
0.0
0.0
0.004
0.024
0.0129
0.0031
0.0033
0.0018
0.0
0.0
0.0
0.0
0.0
0.0
0.0
0.0
0.0
0.0
0.0
0.0
0.0
0.0
0.0
0.0
0.0001
0.0
0.0
0.0
0.0
0.0001
0.0129
0.06
0.0153
0.0
0.0
0.0
0.0003
0.0
0.0
0.0002
0.0
0.0
0.0
0.0
0.0
0.0
0.0
0.0
0.0
0.0
0.0
0.0026
0.0119
0.01
0.0065
0.001
0.0084
0.0
0.0
0.0
0.0
0.0
0.0
0.0
0.0
0.0
0.0
0.0
0.0
0.0
0.0
0.0
0.0
0.0
0.0
0.0
0.0
0.0
0.0
0.0
0.0
0.0
0.0
0.0
0.0
0.0
0.0
0.0
0.0
0.0
0.0
0.0
0.0
0.0
0.0
0.0
0.0
0.0
0.0
0.0
0.0
0.0
0.0
0.0
0.0
0.0
0.0
0.0
0.0
0.0
0.0
0.0
0.0
0.0
0.0
0.0
0.0
0.0
0.0
0.0
0.0
0.0
0.0
0.0
0.0
0.0
0.0
0.0
0.0
0.0
0.0
0.0
0.0
0.0
0.0
0.0
0.0
0.0
0.0
0.0
0.0
0.0
0.0
0.0
0.0
0.0
0.0
0.0
0.0
0.1348
0.0136
0.011
0.0
0.0
0.0004
0.0
0.0
0.0
0.0
0.0
0.0
0.0
0.0
0.0
0.0
0.0
0.0
0.0
0.0
0.0
0.0436
0.075
0.0143
0.0063
0.0044
0.0033
0.0002
0.0
0.0
0.0
0.0
0.0
0.0
0.0
0.0
0.0
0.0
0.0
0.0
0.0
0.0
0.0
0.0
0.0
0.0026
0.0038
0.0011
0.0016
0.0029
0.0
0.0
0.0
0.0
0.0
0.0
0.0
0.0
0.0
0.0
0.0
0.0
0.0
0.0
0.0
0.0019
0.0046
0.0
0.0003
0.0019
0.0006
0.0002
0.0021
0.003
0.0001
0.0
0.0
0.0
0.0
0.0
0.0
0.0
0.0
0.0
0.0
0.0
0.0
0.0
0.0
0.0
0.0
0.0
0.0
0.0
0.0
0.0
0.001
0.0033
0.002
0.0
0.0
0.0
0.0
0.0
0.0
0.0
0.0
0.0
0.0
0.0
0.0
0.0
0.0
0.0
0.0
0.0
0.0
0.0004
0.0003
0.0002
0.0043
0.0054
0.0
0.0
0.0
0.0
0.0
0.0
0.0
0.0
0.0
0.0
0.0005
0.004
0.0045
0.0023
0.0012
0.001
0.0028
0.0018
0.0004
0.0013
0.0001
0.0004
0.0018
0.0073
0.0029
0.0021
0.001
0.0
0.0
0.0
0.0
0.0
0.0
0.0
0.0
0.0
0.0
0.0
0.0
0.0
0.001
0.0009
0.0
0.0
0.0003
0.0004
0.0014
0.0289
0.0034
0.0004
0.0
0.0
0.0
0.0
0.0
0.0
0.0015
0.0004
0.0
0.0
0.0
0.0
0.0
0.0
0.0
0.0
0.0
0.0024
0.0012
0.0
0.0003
0.0019
0.0016
0.0
0.0
0.0
0.0
0.0
0.0
0.0
0.0
0.0
0.0
0.0
0.0
0.0
0.0
0.0
0.0
0.0
0.0
0.0
0.0
0.0
0.0025
0.0068
0.0024
0.0
0.0
0.0
0.0
0.0
0.0
0.0
0.0
0.0
0.0
0.0
0.0
0.0
0.0
0.0
0.0
0.0
0.0
0.0
0.0
0.0
0.0002
0.0
0.0015
0.0014
0.0
0.0
0.0
0.0
0.0
0.0
0.0
0.0
0.0
0.0
0.0
0.0
0.0002
0.0003
0.0001
0.0
0.0024
0.0039
0.0013
0.0002
0.0004
0.001
0.0057
0.0095
0.0326
0.0
0.0
0.0
0.0
0.0
0.0
0.0003
0.0
0.0
0.0
0.0
0.0
0.0
0.0
0.0026
0.0005
0.0
0.0
0.0
0.0
0.0029
0.0
0.0
0.0
0.0
0.0
0.0
0.0
0.0
0.0
0.0
0.0
0.0
0.0
0.0
0.0
0.0
0.0
0.0
0.0
0.0001
0.0012
0.0009
0.0002
0.0226
0.0034
0.0029
0.0036
0.0018
0.0004
0.0
0.0
0.0004
0.0014
0.0004
0.0
0.0
0.0
0.0
0.0
0.0
0.0
0.0
0.0
0.0
0.0006
0.0009
0.0002
0.0105
0.0551
0.0217
0.0
0.0
0.0
0.0
0.0
0.0
0.0
0.0006
0.0
0.0013
0.0007
0.0
0.0
0.0
0.0
0.0
0.0
0.0
0.0002
0.0
0.0007
0.0014
0.0034
0.0003
0.0
0.0
0.0
0.0
0.0
0.0
0.0021
0.0
0.0
0.0
0.0
0.0
0.0
0.0
0.0
0.0
0.0
0.0001
0.0012
0.0013
0.0003
0.001
0.0022
0.0013
0.0008
0.0
0.0
0.0
0.0012
0.0001
0.0
0.0
0.0
0.0
0.0
0.0
0.0
0.0
0.0
0.0
0.0
0.0
0.0
0.0
0.0
0.0
0.0
0.0
0.0
0.0
0.0
0.0
0.0
0.0
0.0
0.0
0.0
0.0
0.0
0.0
0.0
0.0
0.0
0.0
0.0004
0.001
0.0
0.0005
0.0067
0.0027
0.0031
0.0
0.0
0.0
0.0
0.0
0.0
0.0
0.0
0.0002
0.0
0.0
0.0
0.0
0.0005
0.0002
0.0
0.0
0.0
0.0
0.0
0.0
0.0025
0.006
0.0078
0.0001
0.0
0.0
0.0
0.0
0.0
0.0
0.0
0.0
0.0
0.0
0.0012
0.0016
0.0004
0.0
0.0
0.0
0.0021
0.0
0.0
0.0
0.001
0.0014
0.0462
0.0474
0.0047
0.0001
0.0
0.0
0.0
0.0
0.0001
0.0002
0.0
0.0
0.0
0.0
0.0
0.0
0.0
0.0
0.0225
0.0038
0.0009
0.0014
0.0017
0.0707
0.0161
0.0
0.0
0.0
0.0
0.0
0.0
0.0
0.0
0.0
0.0
0.0
0.0
0.0
0.0
0.0
0.0
0.0
0.0
0.0
0.0
0.0
0.0
0.0
0.0
0.0
0.0
0.0
0.0
0.0
0.0
0.0
0.0
0.0
0.0
0.0
0.0
0.0
0.0
0.0
0.0
0.0
0.0
0.0
0.0
0.0
0.0
0.0
0.0
0.0
0.0
0.0
0.0
0.0
0.0
0.0
0.0
0.0
0.0
0.0
0.0
0.0
0.0
0.0
0.0
0.0
0.0
0.0
0.0
0.0
0.0
0.0
0.0
0.0
0.0
0.0
0.0
0.0
0.0
0.0
0.0
0.0
0.0
0.0
0.0
0.0
0.0
0.0
0.0
0.0
0.0
0.0
0.0
0.0
0.0
0.0
0.0
0.0
0.0
0.0
0.0
0.0
0.0
0.0
0.0
0.0
0.0
0.0
0.0
0.0
0.0
0.0
0.0
0.0
0.0
0.0
0.0
0.0
0.0
0.0
0.0
0.0
0.0
0.0
0.0
0.0
0.0
0.0
0.0
0.0
0.0
0.0
0.0
0.0
0.0
0.0
0.0
0.0
0.0
0.0
0.0
0.0
0.0
0.0
0.0
0.0
0.0
0.0
0.0
0.0
0.0
0.0
0.0
0.0
0.0
0.0
0.0
0.0
0.0
0.0
0.0
0.0
0.0
0.0
0.0
0.0002
0.0004
0.0026
0.0058
0.002
0.0
0.0
0.0
0.0
0.0
0.0
0.0008
0.0
0.0
0.0
0.0
0.0
0.0
0.0
0.0
0.0
0.0
0.0012
0.0024
0.0254
0.0935
0.0801
0.0912
0.0849
0.0696
0.041
0.0
0.0
0.0
0.0
0.0
0.0
0.0
0.0
0.0
0.0
0.0
0.0
0.0
0.0
0.0
0.0
0.0
0.0
0.0
0.0
0.0
0.0
0.0
0.0
0.0
0.0
0.0
0.0
0.0
0.0
0.0
0.0
0.0
0.0
0.0
0.0
0.0
0.0
0.0
0.0
0.0
0.0
0.1751
0.0549
0.0737
0.0639
0.0444
0.0
0.0
0.0
0.0
0.0
0.0
0.0
0.0
0.0
0.0
0.0
0.0
0.0
0.0
0.0
0.0
0.0
0.0
0.0
0.0
0.0
0.0
0.0
0.0
0.0
0.0
0.0
0.0
0.0
0.0
0.0
0.0
0.0
0.0
0.0
0.0
0.0
0.0
0.0
0.0
0.0
0.0
0.0
0.0
0.0
0.0
0.0
0.0
0.0
0.0
0.0
0.0
0.0
0.0
0.0
0.0
0.0
0.0
0.0
0.0
0.0
0.0
0.0
0.0
0.0
0.0
0.0
0.0
0.0
0.0
0.0
0.0
0.0
0.0
0.0
0.0
0.0
0.0
0.0
0.0
0.0
0.0
0.0
0.0
0.0
0.0
0.0
0.0
0.0
0.0
0.0
0.0
0.0
0.0
0.0
0.0
0.0
0.0
0.0
0.0
0.0
0.0
0.0
0.0
0.0
0.0
0.0
0.0
0.0
0.0
0.0
0.0
0.0
0.0
0.0
0.0
0.0
0.0
0.0
0.0
0.0
0.0
0.0
0.0
0.0
0.0
0.0
0.0
0.0
0.0
0.0
0.0
0.0
0.0
0.0
0.0
0.0
0.0
0.0
0.0
0.0
0.0
0.0
0.0
0.0
0.0
0.0
0.0
0.0
0.0
0.0
0.0
0.0
0.0
0.0
0.0
0.0
0.0
0.0
0.0
0.0
0.0
0.0
0.0
0.0
0.0
0.0
0.0
0.0
0.0
0.0
0.0
0.0
0.0
0.0
0.0
0.0
0.0
0.0
0.0
0.0
0.0
0.0
0.0
0.0
0.0
0.0
0.0
0.0
0.0
0.0
0.0
0.0
0.0
0.0
0.0
0.0
0.0
0.0
0.0
0.0
0.0
0.0
0.0
0.0
0.0
0.0
0.0
0.0
0.0
0.0
0.0
0.0
0.0
0.0
0.0
0.0
0.0
0.0
0.0
0.0
0.0
0.0
0.0
0.0
0.0
0.0
0.0
0.0
0.0
0.0
0.0
0.0
0.0
0.0
0.0
0.0
0.0
0.0
0.0
0.0
0.0
0.0
0.0
0.0
0.0
0.0
0.0
0.0
0.0
0.0
0.0
0.0
0.0
0.0
0.0
0.0
0.0
0.0
0.0
0.0
0.0
0.0
0.0
0.0
0.0
0.0
0.0
0.0
0.0
0.0
0.0
0.0
0.0
0.0
0.0
0.0
0.0
0.0
0.0
0.0
0.0
0.0
0.0
0.0
0.0
0.0
0.0
0.0
0.0
0.0
0.0
0.0
0.0
0.0
0.0
0.0
0.0
0.0
0.0
0.0
0.0
0.0
0.0
0.0
0.0
0.0
0.0
0.0
0.0
0.0
0.0
0.0
0.0
0.0
0.0
0.0
0.0
0.0
0.0
0.0
0.0
0.0
0.0
0.0
0.0
0.0
0.0
0.0
0.0
0.0
0.0
0.0
0.0
0.0
0.0
0.0
0.0
0.0
0.0
0.0
0.0
0.0
0.0
0.0
0.0
0.0
0.0
0.0
0.0
0.0
0.0
0.0
0.0
0.0
0.0
0.0
0.0
0.0
0.0
0.0
0.0
0.0
0.0
0.0
0.0
0.0
0.0
0.0
0.0
0.0
0.0
0.0
0.0
0.0
0.0
0.0
0.0
0.0
0.0
0.0
0.0
0.0
0.0
0.0
0.0
0.0
0.0
0.0
0.0
0.0
0.0
0.0
0.0
0.0
0.0
0.0
0.0
0.0
0.0
0.0
0.0
0.0
0.0
0.0
0.0
0.0
0.0
0.0
0.0
0.0
0.0
0.0
0.0
0.0
0.0
0.0
0.0
0.0
0.0
0.0
0.0
0.0
0.0
0.0
0.0
0.0
0.0
0.0
0.0
0.0
0.0
0.0
0.0
0.0
0.0
0.0
0.0
0.0
0.0
0.0
0.0
0.0
0.0
0.0
0.0
0.0
0.0
0.0
0.0
0.0
0.0
0.0
0.0
0.0
0.0
0.0
0.0
0.0
0.0
0.0
0.0
0.0
0.0
0.0
0.0
0.0
0.0
0.0125
0.0006
0.0
0.0
0.0
0.0
0.0312
0.1
0.1332
0.1321
0.1185
0.0831
0.1003
0.0661
0.0
0.0
0.0
0.0
0.0
0.0
0.0
0.0
0.0
0.0
0.0
0.0
0.0
0.0
0.0
0.0
0.0016
0.0128
0.0
0.0
0.0
0.0
0.0
0.0
0.0
0.0
0.0
0.0
0.0
0.0
0.0
0.0
0.0
0.0
0.0
0.0
0.0
0.0004
0.0057
0.0
0.0001
0.0561
0.1261
0.1347
0.1333
0.1238
0.027
0.0
0.0
0.0
0.0
0.0
0.0
0.0006
0.0014
0.001
0.015
0.0
0.0
0.0
0.0
0.0
0.0
0.0081
0.0525
0.0142
0.0
0.0
0.0
0.0
0.0
0.0
0.0
0.0
0.0
0.0
0.0
0.0
0.0
0.0
0.0
0.0629
0.1052
0.0526
0.0075
0.025
0.0023
0.0119
0.0763
0.0986
0.059
0.0
0.0
0.0
0.0
0.0
0.0
0.0
0.0
0.0
0.0
0.0
0.0
0.0
0.0
0.0
0.0
0.0
0.0
0.0324
0.0351
0.0095
0.0427
0.0563
0.0827
0.0877
0.0725
0.0006
0.0
0.0
0.0
0.0
0.0
0.0
0.0
0.0
0.0
0.0
0.0
0.0
0.0
0.0
0.0003
0.0907
0.1168
0.1176
0.1217
0.1101
0.0594
0.0
0.0
0.0
0.0
0.0
0.0
0.0
0.0
0.0
0.0211
0.0
0.0
0.0
0.0205
0.0033
0.0294
0.0172
0.0257
0.1257
0.1371
0.1349
0.1196
0.1296
0.0405
0.0
0.0
0.0
0.0
0.0
0.0
0.0
0.0
0.0
0.0
0.0
0.0001
0.0003
0.0
0.0
0.0
0.006
0.0
0.0486
0.1136
0.1236
0.1336
0.1195
0.1022
0.0
0.0
0.0
0.0
0.0
0.0
0.0
0.0
0.0
0.0
0.0
0.0
0.0
0.0
0.0019
0.0082
0.0809
0.0432
0.1056
0.125
0.138
0.1353
0.1181
0.0439
0.0
0.0
0.0
0.0
0.0
0.0
0.0
0.0
0.0
0.0
0.0
0.0
0.0
0.0
0.0
0.0
0.0
0.0273
0.1057
0.1153
0.1257
0.1173
0.0238
0.0018
0.0
0.0
0.0
0.0
0.0
0.0
0.0
0.0002
0.0037
0.0
0.0
0.0
0.0
0.0025
0.0082
0.027
0.0033
0.0617
0.1093
0.1101
0.1182
0.0887
0.026
0.0156
0.0518
0.0328
0.05
0.0033
0.0
0.0
0.0034
0.0
0.0047
0.0083
0.0019
0.0
0.0
0.0
0.0
0.0
0.0
0.0
0.0
0.0635
0.0903
0.0977
0.0971
0.0542
0.01
0.0
0.0
0.0
0.0
0.0
0.0043
0.0
0.0
0.0
0.0
0.0
0.0
0.0
0.0
0.0
0.0
0.0
0.0337
0.1064
0.121
0.1034
0.0983
0.1019
0.019
0.0
0.0
0.0
0.0
0.0
0.0
0.0
0.0
0.0
0.0006
0.0118
0.0
0.0113
0.0975
0.0599
0.0155
0.0121
0.0002
0.0091
0.0679
0.1123
0.112
0.0775
0.0039
0.0
0.0
0.0
0.0
0.0
0.0019
0.0
0.0
0.0
0.0
0.0
0.0
0.0019
0.0053
0.002
0.0
0.0
0.0321
0.1022
0.1089
0.1071
0.1038
0.0534
0.0529
0.0914
0.0385
0.0
0.0
0.0008
0.0
0.0
0.0
0.0
0.0
0.0
0.0
0.0
0.0
0.0
0.0
0.0
0.0
0.0017
0.0062
0.0163
0.0104
0.0088
0.0066
0.0053
0.0045
0.0014
0.0
0.0
0.0051
0.0
0.0
0.0
0.0
0.0004
0.0037
0.0018
0.0
0.0
0.0
0.0076
0.0063
0.0078
0.0154
0.005
0.0
0.0
0.0
0.0
0.0
0.0
0.0
0.0
0.0
0.0
0.0
0.0
0.0
0.0
0.0
0.0
0.0
0.0
0.0
0.0
0.0
0.0
0.0
0.0
0.0
0.0
0.0
0.0
0.0
0.0
0.0
0.0
0.0
0.0
0.0
0.0
0.0
0.0
0.0
0.0
0.0
0.0
0.0
0.0065
0.1009
0.1131
0.1095
0.1146
0.0709
0.0527
0.0553
0.0015
0.0
0.0
0.0
0.0
0.0011
0.0
0.0
0.0
0.0
0.0
0.0
0.0
0.0015
0.0
0.0007
0.0868
0.0846
0.1054
0.1
0.1208
0.0962
0.0747
0.0232
0.0
0.0
0.0
0.0005
0.0041
0.0
0.0
0.0
0.0
0.0
0.0
0.0
0.0
0.0
0.0
0.0
0.0
0.0625
0.0838
0.106
0.1193
0.1114
0.1009
0.1061
0.0416
0.0013
0.0
0.0
0.0001
0.0016
0.0
0.0
0.0
0.0
0.0
0.0
0.0
0.0
0.0288
0.0779
0.0081
0.0215
0.0945
0.1186
0.1155
0.1222
0.073
0.0
0.0
0.0
0.0
0.0
0.0
0.0
0.0
0.0
0.0
0.0
0.0
0.0
0.0
0.0
0.0
0.0
0.0
0.0
0.0115
0.1319
0.1015
0.1114
0.1081
0.0802
0.0003
0.0
0.0
0.0
0.0
0.0
0.0
0.0
0.0
0.0
0.0
0.0
0.0
0.0
0.0
0.0
0.0
0.0292
0.1013
0.1168
0.1126
0.0334
0.0089
0.0012
0.0
0.0
0.0
0.0
0.0
0.0
0.0
0.001
0.0065
0.0042
0.0013
0.0036
0.0027
0.0012
0.0
0.0173
0.0935
0.1006
0.1023
0.0964
0.1166
0.1154
0.0424
0.0006
0.0006
0.0
0.0
0.0
0.0
0.0004
0.0
0.0
0.0
0.0
0.0
0.0
0.0
0.0
0.0
0.0
0.0
0.0084
0.1243
0.1183
0.1222
0.0345
0.0021
0.0
0.0
0.0
0.0
0.0
0.0
0.0016
0.0
0.0
0.0
0.0
0.0696
0.0535
0.022
0.0024
0.0035
0.0005
0.0
0.0643
0.1079
0.1076
0.1171
0.1099
0.0316
0.0011
0.0
0.0
0.0
0.0
0.0
0.0
0.0
0.0004
0.0
0.0
0.0
0.0015
0.0026
0.0001
0.0
0.0
0.0
0.0003
0.0159
0.0211
0.0236
0.0155
0.0065
0.0
0.0
0.0
0.0
0.0
0.0
0.0
0.0
0.0
0.0
0.0
0.0
0.0
0.0
0.0
0.0
0.0
0.0
0.0
0.0
0.0
0.0
0.0
0.0
0.0
0.0
0.0
0.0
0.0
0.0
0.0
0.0
0.0
0.0
0.0
0.0
0.0
0.0
0.0
0.0
0.0
0.0
0.0
0.0461
0.1213
0.1165
0.1118
0.0717
0.0201
0.0
0.0
0.0
0.0
0.0
0.0005
0.0002
0.0
0.0
0.0
0.0
0.0
0.0
0.0
0.0017
0.0033
0.012
0.0797
0.1117
0.113
0.135
0.1219
0.1091
0.0277
0.0008
0.0
0.0
0.0
0.0
0.0
0.0014
0.0042
0.0028
0.0023
0.0
0.0011
0.0025
0.0006
0.0014
0.0474
0.0094
0.052
0.1061
0.1183
0.1083
0.0609
0.0152
0.0043
0.0
0.0
0.0
0.0
0.0
0.0025
0.0
0.0
0.0
0.0
0.0
0.0
0.0007
0.0
0.0
0.0
0.0
0.012
0.1083
0.1178
0.1202
0.118
0.0134
0.0
0.0
0.0
0.0
0.0
0.0017
0.0036
0.0
0.0
0.0
0.0
0.0
0.0
0.0
0.0
0.0
0.0
0.0
0.0135
0.062
0.0879
0.1166
0.0415
0.0
0.0
0.0
0.0
0.0
0.0
0.0
0.0
0.0
0.0
0.0
0.0
0.0
0.0
0.0
0.0
0.0
0.0
0.048
0.0015
0.076
0.0958
0.0793
0.1041
0.0674
0.0038
0.0
0.0
0.0
0.0
0.0029
0.001
0.0
0.0
0.0
0.0
0.0
0.0
0.0006
0.0
0.0283
0.0186
0.0501
0.0843
0.0552
0.1113
0.1084
0.0209
0.006
0.0002
0.0
0.0
0.0
0.0
0.0
0.0
0.0
0.0
0.0
0.0
0.0
0.0
0.0
0.0
0.0
0.0003
0.0
0.0
0.0671
0.1095
0.1106
0.0138
0.0017
0.0
0.0002
0.0
0.0
0.0
0.0
0.0007
0.0052
0.0038
0.0
0.0
0.0
0.0
0.0
0.0
0.0
0.0
0.0179
0.0544
0.1099
0.0243
0.0
0.0
0.0
0.0
0.0
0.0
0.0
0.0
0.0
0.0
0.0
0.0
0.0
0.0
0.0
0.0
0.0
0.0
0.0
0.0
0.0
0.0
0.0
0.0
0.0
0.0
0.0
0.0
0.0
0.0
0.0
0.0
0.0
0.0
0.0
0.0
0.0
0.0
0.0
0.0
0.0
0.0
0.0
0.0
0.0
0.0
0.0
0.0
0.0
0.0
0.0
0.0
0.0
0.0
0.0
0.0
0.0
0.0
0.0
0.0
0.0
0.0
0.0
0.0
0.0
0.0
0.0
0.0
0.035
0.056
0.0
0.0
0.0
0.0
0.0
0.0
0.0
0.0
0.0
0.0
0.0
0.0
0.0
0.0
0.0
0.0
0.0
0.0
0.0016
0.0
0.0
0.0033
0.0
0.0
0.0466
0.1013
0.0692
0.0038
0.0
0.0
0.0
0.0
0.0
0.0
0.0013
0.005
0.0
0.0
0.0
0.0
0.0
0.0
0.0
0.0
0.0
0.0
0.0
0.0029
0.0499
0.0919
0.121
0.0482
0.003
0.0
0.0
0.0
0.0
0.0
0.0
0.0016
0.0009
0.0
0.0
0.059
0.0571
0.0016
0.0
0.0049
0.0047
0.0003
0.0
0.0
0.0788
0.1121
0.1264
0.1018
0.1092
0.0489
0.002
0.0
0.0
0.0
0.0
0.0
0.0
0.0
0.0
0.0034
0.0123
0.0099
0.0
0.0
0.0
0.0004
0.0003
0.0046
0.0836
0.1225
0.1233
0.0837
0.0006
0.0005
0.0005
0.0006
0.0006
0.0005
0.0005
0.0007
0.0006
0.0006
0.0005
0.0006
0.0005
0.0006
0.0006
0.0006
0.0006
0.0028
0.0967
0.1108
0.1101
0.1249
0.132
0.1384
0.0617
0.0059
0.0002
0.0003
0.0002
0.0001
0.0002
0.0061
0.0012
0.0001
0.0001
0.0
0.0
0.0
0.0
0.0
0.0
0.0
0.0
0.0
0.0794
0.1462
0.1488
0.1037
0.0
0.0
0.0
0.0
0.0
0.0
0.0
0.0
0.0
0.0
0.0
0.0
0.0
0.0
0.0
0.0
0.0
0.0008
0.0273
0.0928
0.1266
0.1224
0.1268
0.131
0.0934
0.0946
0.0043
0.0
0.0
0.0
0.0
0.002
0.0004
0.0
0.0
0.0
0.0
0.0
0.0
0.0
0.0
0.0
0.0
0.0
0.0705
0.1065
0.0749
0.0508
0.0843
0.0599
0.0
0.0
0.0
0.0
0.0
0.0
0.0
0.0
0.0
0.0
0.0
0.0
0.0
0.0
0.0
0.0
0.0
0.0
0.1008
0.1051
0.0103
0.0035
0.0
0.0
0.0
0.0
0.0
0.0
0.0
0.0
0.0015
0.0
0.0
0.0
0.0
0.0
0.0
0.0
0.0
0.0
0.0
0.0003
0.0071
0.0743
0.0834
0.0046
0.0
0.0
0.0
0.0001
0.0
0.0
0.0
0.0
0.0009
0.0055
0.0068
0.0011
0.0006
0.0001
0.0
0.0
0.0031
0.003
0.004
0.017
0.0976
0.045
0.0314
0.0038
0.0
0.0
0.0
0.0
0.0
0.0
0.0
0.0005
0.0011
0.0
0.0031
0.045
0.0903
0.0063
0.0004
0.0
0.0872
0.108
0.1151
0.1127
0.0877
0.0855
0.058
0.0024
0.0
0.0
0.0
0.0
0.0
0.0
0.0
0.0
0.0
0.0
0.0
0.0
0.0
0.0
0.0
0.0
0.0
0.0
0.0
0.0
0.0686
0.0845
0.1187
0.0509
0.0072
0.0
0.0
0.0
0.0
0.0
0.0
0.0
0.0
0.0
0.0
0.0
0.0
0.0
0.0
0.0
0.0
0.0
0.0
0.0721
0.1287
0.1303
0.142
0.1391
0.115
0.0925
0.011
0.0
0.0
0.0
0.0
0.0
0.0
0.0
0.0
0.0
0.0
0.0
0.0
0.0
0.0
0.0
0.0
0.021
0.0531
0.0
0.0
0.0
0.0
0.0
0.0
0.0
0.0
0.0
0.0
0.0
0.0
0.0
0.0
0.0
0.0
0.0
0.0
0.0
0.0
0.0272
0.0718
0.0095
0.0228
0.1255
0.1394
0.1315
0.1238
0.048
0.0
0.0
0.0
0.0001
0.0
0.0001
0.0
0.0
0.0
0.0
0.0
0.0
0.0
0.0
0.0
0.0
0.0
0.0072
0.0753
0.1417
0.1483
0.0952
0.0534
0.0028
0.0
0.0
0.0
0.0
0.0
0.0015
0.0
0.0
0.0
0.0
0.0
0.0
0.0
0.0
0.0
0.0
0.0
0.0237
0.113
0.1322
0.135
0.0998
0.0796
0.0411
0.0006
0.0
0.0
0.0
0.0
0.0
0.0
0.0
0.002
0.0026
0.0007
0.0
0.0
0.0
0.0
0.0
0.0
0.0037
0.0048
0.0095
0.0505
0.0765
0.0251
0.0
0.0
0.0
0.0
0.0001
0.0
0.0004
0.0
0.0
0.0
0.0
0.0
0.0
0.0
0.0
0.0032
0.0038
0.0015
0.0015
0.0664
0.0789
0.0267
0.0235
0.0087
0.0
0.0
0.0
0.0
0.0
0.0002
0.0017
0.0
0.0
0.0
0.0
0.0
0.0
0.0
0.0
0.0
0.0
0.0
0.0
0.071
0.0519
0.0058
0.0036
0.0
0.0
0.0
0.0
0.0
0.0
0.0
0.0003
0.0
0.0
0.0
0.0017
0.0033
0.0011
0.0004
0.0037
0.0075
0.0274
0.0906
0.0953
0.1427
0.0868
0.1326
0.1024
0.0529
0.0
0.0
0.0
0.0
0.001
0.0005
0.0
0.0
0.0
0.0
0.0
0.0
0.0
0.0
0.0
0.0003
0.0034
0.0077
0.0062
0.0
0.0
0.0
0.0
0.0
0.0
0.0
0.0
0.0
0.0
0.0
0.0
0.0
0.0
0.0
0.0
0.0
0.0
0.0
0.0
0.0
0.0
0.0
0.0
0.0
0.0
0.0
0.0
0.0
0.0
0.0
0.0
0.0
0.0
0.0
0.0
0.0
0.0
0.0
0.0
0.0
0.0
0.0
0.0
0.0
0.0
0.0
0.0
0.0
0.0
0.0
0.0
0.0
0.0
0.0
0.0
0.0
0.0
0.0
0.0
0.0
0.0
0.0
0.0
0.0
0.0
0.0
0.0
0.0
0.0
0.0
0.0
0.0
0.0
0.0
0.0
0.0
0.0
0.0
0.0
0.0
0.0
0.0
0.0
0.0
0.0054
0.0114
0.0167
0.0276
0.0072
0.0013
0.0007
0.0178
0.0539
0.0907
0.1049
0.1192
0.1226
0.0369
0.0009
0.0
0.0002
0.0
0.0002
0.0
0.0002
0.0001
0.0027
0.0001
0.0006
0.0
0.0
0.0
0.0026
0.0068
0.0037
0.0284
0.0
0.0245
0.0912
0.1158
0.1366
0.1314
0.131
0.1246
0.0
0.0
0.0
0.0
0.0
0.0
0.0
0.0
0.0
0.0
0.0
0.0
0.0
0.0
0.0
0.0
0.0
0.0007
0.046
0.1042
0.1083
0.1407
0.1225
0.0998
0.031
0.0
0.0
0.0
0.0032
0.0009
0.0
0.0013
0.0
0.0
0.0
0.0
0.0
0.0
0.0
0.0
0.0
0.0031
0.0123
0.0945
0.1029
0.0892
0.0734
0.0078
0.0
0.0
0.0
0.0
0.0
0.0
0.0003
0.0
0.0
0.0
0.0
0.0
0.0
0.0
0.0
0.0
0.0
0.0
0.0037
0.0295
0.0822
0.1016
0.0927
0.0292
0.0
0.0
0.0
0.0
0.0
0.0016
0.0002
0.0
0.0
0.0
0.0
0.0
0.0
0.0
0.0
0.0
0.0
0.0
0.0
0.0512
0.0725
0.015
0.0082
0.0066
0.0
0.0
0.0
0.0
0.0078
0.0028
0.0054
0.0
0.0
0.0
0.0
0.0
0.0
0.0
0.0
0.0
0.0
0.0
0.0
0.0042
0.0062
0.0029
0.0
0.0
0.0
0.0
0.0
0.0
0.0
0.0
0.0
0.0
0.0
0.0
0.0
0.0003
0.0017
0.0422
0.0422
0.0183
0.0058
0.0039
0.0028
0.0057
0.0249
0.0187
0.0162
0.0654
0.0038
0.0
0.0
0.0
0.0
0.0002
0.0001
0.0
0.0
0.0
0.0
0.0
0.0
0.0
0.0
0.0005
0.0078
0.0076
0.0052
0.0138
0.0207
0.0147
0.0115
0.0002
0.0
0.0
0.0
0.0
0.0
0.0
0.0
0.0
0.0
0.0
0.0
0.0
0.0
0.0
0.0
0.0
0.0
0.0
0.0001
0.0653
0.1106
0.1257
0.0627
0.0027
0.0
0.0
0.0
0.0
0.0037
0.0
0.0
0.0
0.0
0.0
0.0
0.0
0.0
0.0
0.0
0.0087
0.1001
0.1179
0.119
0.1389
0.1389
0.1072
0.0
0.0
0.0
0.0
0.0
0.0
0.0
0.0
0.0
0.0
0.0
0.0
0.0
0.0
0.0
0.0
0.0
0.0
0.0
0.0
0.0
0.0598
0.0647
0.0753
0.0511
0.0029
0.0
0.0
0.0
0.0
0.0
0.0
0.0
0.0
0.0
0.0
0.0
0.0
0.0067
0.0028
0.0
0.0069
0.0065
0.019
0.0686
0.0743
0.0447
0.0982
0.1147
0.0737
0.0009
0.0
0.0
0.0
0.0
0.0
0.0
0.0001
0.0
0.0
0.0
0.0
0.0
0.0
0.0182
0.1093
0.1032
0.1061
0.1154
0.1238
0.1418
0.0821
0.0
0.0
0.0
0.0
0.0
0.0
0.0
0.0
0.0
0.0
0.0
0.0
0.0
0.0
0.0
0.0
0.0
0.0
0.0238
0.0449
0.1002
0.1285
0.1335
0.1008
0.0781
0.0063
0.0
0.0
0.0
0.0
0.0
0.0
0.0
0.0
0.0
0.0
0.0
0.0
0.0
0.0
0.0
0.0
0.0
0.0022
0.1091
0.1463
0.0883
0.0126
0.0065
0.0
0.0
0.0
0.0
0.0
0.0
0.0
0.0
0.0
0.0
0.0
0.0
0.0
0.0
0.0
0.0
0.0
0.0
0.0
0.0229
0.0887
0.1221
0.1377
0.0785
0.0695
0.0
0.0
0.0
0.0
0.0
0.0
0.0
0.0
0.0
0.0014
0.0025
0.004
0.0019
0.0
0.0
0.0015
0.004
0.0001
0.0045
0.0061
0.0
0.0
0.0
0.0
0.0
0.0
0.0
0.0
0.0
0.0
0.0
0.0
0.0
0.0
0.0
0.0
0.0
0.0
0.0
0.0
0.0
0.0
0.0242
0.1115
0.1396
0.1549
0.1429
0.0772
0.0322
0.0
0.0
0.0
0.0
0.0
0.0
0.0
0.0
0.0
0.0016
0.0027
0.0018
0.0006
0.0001
0.0
0.0
0.0
0.0002
0.075
0.1099
0.1391
0.1327
0.0654
0.0138
0.0
0.0
0.0
0.0
0.0
0.0001
0.0
0.0
0.0
0.0
0.0
0.0
0.0
0.0012
0.0053
0.0053
0.0008
0.0847
0.1281
0.0924
0.1115
0.0256
0.0218
0.0011
0.0
0.0
0.0
0.0
0.0
0.0
0.0
0.0
0.0
0.0
0.0
0.0
0.0
0.0
0.0
0.0
0.0
0.0
0.0
0.0
0.0
0.0
0.0
0.0
0.0
0.0
0.0
0.0
0.0
0.0
0.0
0.0
0.0
0.0
0.0
0.0
0.0
0.0
0.0
0.0032
0.0175
0.0606
0.1093
0.1311
0.1205
0.0465
0.0007
0.0
0.0
0.0
0.0
0.0
0.0
0.003
0.0
0.0
0.0
0.0
0.0
0.0
0.0
0.0
0.0
0.0
0.0
0.0
0.0377
0.1051
0.1066
0.1221
0.0381
0.0
0.0
0.0
0.0
0.0
0.0
0.0
0.0
0.0
0.0
0.0
0.0
0.0
0.0
0.0
0.0
0.0
0.0
0.0
0.0466
0.1097
0.0914
0.0657
0.0642
0.0065
0.0
0.0
0.0
0.0
0.0
0.0
0.0
0.0
0.0
0.0
0.0
0.0
0.0
0.0
0.0
0.0
0.0
0.0038
0.0105
0.0082
0.0098
0.0
0.0
0.0
0.0
0.0
0.0001
0.0
0.0
0.0
0.0
0.0
0.0
0.0
0.0004
0.0046
0.0051
0.0033
0.0021
0.008
0.0044
0.0063
0.0212
0.0811
0.0049
0.0117
0.0004
0.0
0.0
0.0
0.0
0.0
0.0058
0.0042
0.0
0.0
0.0
0.0
0.0
0.0
0.0
0.0
0.0
0.0
0.0
0.0
0.0172
0.0177
0.0096
0.0078
0.003
0.0
0.0
0.0
0.0
0.0
0.0
0.0013
0.0036
0.0
0.0
0.0
0.0
0.0
0.0
0.0
0.0
0.0
0.0
0.0
0.0005
0.0084
0.0114
0.0055
0.0
0.0
0.0
0.0
0.0
0.0
0.0
0.0004
0.0032
0.0081
0.0019
0.0
0.0001
0.0
0.0
0.0
0.0
0.0
0.0
0.0159
0.0905
0.0761
0.0566
0.0155
0.0042
0.0
0.0
0.0
0.0
0.0
0.0
0.0018
0.0
0.0
0.0
0.0
0.0
0.0
0.0
0.0
0.0002
0.0054
0.006
0.059
0.058
0.0089
0.003
0.0001
0.0
0.0
0.0
0.0014
0.0
0.0
0.0
0.0002
0.0
0.0
0.0
0.0
0.0
0.0
0.0
0.0
0.0
0.0
0.0
0.0372
0.1005
0.0811
0.0807
0.0987
0.0913
0.0162
0.0
0.0
0.0
0.0013
0.0006
0.0
0.0
0.0
0.0011
0.0041
0.0005
0.0005
0.0001
0.0
0.0
0.0
0.0
0.0451
0.1001
0.1323
0.1472
0.0838
0.0336
0.0021
0.0
0.0
0.0
0.0
0.0
0.0
0.0
0.0
0.0
0.0
0.0
0.0
0.0
0.0
0.0
0.0
0.0
0.0007
0.0754
0.1052
0.1453
0.0633
0.0
0.0
0.0
0.0
0.0
0.0
0.0
0.0
0.0
0.0
0.0
0.0
0.0
0.0
0.0
0.0
0.0
0.0
0.24
0.1304
0.1462
0.148
0.1577
0.1231
0.0
0.0
0.0
0.0
0.0
0.0
0.0
0.0
0.0
0.0
0.0
0.0
0.0
0.0
0.0
0.0
0.0
0.0
0.0
0.0
0.0
0.0
0.0
0.0
0.0
0.0
0.0
0.0
0.0
0.0
0.0
0.0
0.0
0.0
0.0
0.0
0.0
0.0
0.0
0.0
0.0
0.0
0.0
0.0
0.3046
0.1089
0.1145
0.1194
0.0845
0.0075
0.0
0.0
0.0
0.0
0.0
0.0005
0.0
0.0
0.0
0.0
0.0
0.0
0.0
0.0
0.0
0.0
0.0
0.0009
0.0759
0.1499
0.1421
0.1325
0.1319
0.1115
0.0033
0.0
0.0
0.0
0.0
0.0005
0.0
0.0
0.0
0.0
0.0
0.0
0.0
0.0004
0.0027
0.0056
0.005
0.0009
0.0142
0.0611
0.0875
0.0432
0.0
0.0
0.0
0.0
0.0
0.0
0.0
0.0005
0.0
0.0
0.0
0.0
0.0
0.0
0.0
0.0363
0.0486
0.0069
0.0011
0.0005
0.0011
0.0277
0.0769
0.138
0.135
0.1236
0.0011
0.0
0.0
0.0
0.0
0.0001
0.0001
0.0
0.0
0.0
0.0
0.0
0.0
0.0
0.0
0.0
0.0
0.0
0.0012
0.0996
0.1185
0.0392
0.0015
0.0
0.0
0.0
0.0
0.0
0.0
0.0001
0.0
0.0
0.0
0.0
0.0
0.0
0.0
0.0
0.0
0.0
0.0007
0.0598
0.118
0.1432
0.1525
0.134
0.1229
0.0576
0.0
0.0
0.0
0.0
0.0
0.0023
0.0
0.0017
0.0013
0.0
0.0
0.0
0.0
0.0
0.0
0.0
0.0053
0.0
0.0762
0.1074
0.1474
0.1037
0.0622
0.0023
0.0
0.0
0.0
0.0
0.0
0.0001
0.0
0.0
0.0
0.0
0.0
0.0
0.0
0.0
0.0
0.0
0.0
0.0033
0.0227
0.0796
0.091
0.066
0.0393
0.0007
0.0
0.0
0.0
0.0
0.0009
0.0057
0.0
0.0
0.0
0.0
0.0
0.0
0.0
0.0
0.0
0.0018
0.0011
0.0245
0.1236
0.1412
0.1355
0.1365
0.1314
0.1022
0.0817
0.0019
0.0
0.0006
0.002
0.0
0.0
0.0
0.0
0.0
0.0
0.0
0.0
0.0
0.0
0.0
0.0
0.0003
0.1199
0.1156
0.0962
0.0864
0.0126
0.0
0.0
0.0
0.0
0.0
0.0002
0.0014
0.0
0.0
0.0
0.0003
0.0043
0.0011
0.0002
0.0001
0.0
0.0
0.0031
0.0023
0.0678
0.1162
0.1169
0.0817
0.087
0.0724
0.0013
0.0
0.0
0.0
0.0
0.0021
0.0
0.0
0.0
0.0
0.0019
0.0354
0.0351
0.0041
0.0094
0.0721
0.0231
0.0303
0.0676
0.0714
0.0589
0.0577
0.0035
0.0
0.0
0.0
0.0
0.0
0.0093
0.0004
0.0
0.0
0.0
0.0
0.0
0.0
0.0
0.0
0.0005
0.0527
0.0706
0.1059
0.123
0.0668
0.0471
0.0613
0.0083
0.0
0.0
0.0
0.0
0.0
0.0
0.0001
0.0
0.0
0.0
0.0
0.0
0.0
0.0
0.0021
0.0021
0.0002
0.0027
0.0056
0.0795
0.1197
0.131
0.0923
0.0286
0.0032
0.0
0.0258
0.0
0.0
0.0
0.0015
0.0006
0.0037
0.0025
0.0009
0.0
0.0
0.0
0.0
0.0
0.0
0.0
0.0
0.0
0.0005
0.0016
0.0031
0.0
0.0
0.0
0.0
0.0
0.0
0.0
0.0029
0.0
0.0
0.0
0.0
0.0
0.0
0.0
0.0
0.0
0.0008
0.0034
0.0012
0.0304
0.0713
0.0527
0.0039
0.0
0.0
0.0
0.0
0.0
0.0
0.0022
0.0
0.0
0.0
0.0
0.0
0.0
0.0
0.0
0.0
0.0
0.0
0.0025
0.0035
0.006
0.0005
0.0047
0.0015
0.0007
0.0
0.0
0.0
0.0
0.0
0.0
0.0002
0.0
0.0001
0.0
0.0
0.0
0.0
0.0
0.0
0.0
0.0
0.0002
0.0004
0.0005
0.0023
0.0008
0.0046
0.0
0.0
0.0
0.0
0.0
0.0
0.0
0.0001
0.0
0.0
0.0
0.0
0.0
0.0
0.0
0.0
0.0
0.0
0.0
0.004
0.0164
0.0195
0.0017
0.003
0.0027
0.0
0.0
0.0
0.0
0.0
0.0
0.0
0.0
0.0
0.0
0.0039
0.0009
0.0005
0.0
0.0
0.0
0.0
0.0016
0.003
0.0023
0.0552
0.0615
0.0008
0.0
0.0
0.0
0.0
0.0
0.0
0.0
0.0005
0.0
0.0
0.0
0.0
0.0
0.0
0.0
0.0
0.0014
0.0019
0.0
0.0
0.0014
0.0121
0.0093
0.0041
0.0
0.0
0.0
0.0
0.0
0.0
0.0
0.0
0.0004
0.0008
0.0
0.0
0.0
0.0
0.0
0.0
0.0
0.0
0.0
0.0
0.0
0.0025
0.0119
0.004
0.0
0.0
0.0
0.0
0.0
0.0001
0.0
0.002
0.0
0.0
0.0
0.0
0.0
0.0
0.0
0.0
0.0
0.0
0.0
0.0
0.0014
0.01
0.0109
0.0034
0.0
0.0
0.0
0.0
0.0
0.0
0.0
0.0007
0.0
0.0
0.0
0.0
0.0
0.0
0.0
0.0
0.0
0.0
0.0
0.0011
0.006
0.0089
0.0293
0.0019
0.0
0.0
0.0
0.0
0.0002
0.0001
0.0
0.0001
0.0
0.0
0.0
0.0
0.0
0.0
0.0
0.0
0.0
0.0
0.0
0.0
0.009
0.0116
0.0394
0.0035
0.0
0.0
0.0008
0.0
0.0
0.0
0.0
0.0
0.0
0.0
0.0
0.0
0.0
0.0
0.0
0.0
0.0
0.0
0.0
0.0
0.0
0.0049
0.0
0.0058
0.0025
0.0005
0.0019
0.0
0.0
0.0
0.0
0.0
0.0
0.0011
0.003
0.0024
0.0004
0.0
0.0
0.0
0.0
0.0
0.0
0.0
0.0009
0.0039
0.0207
0.1086
0.0731
0.0017
0.0
0.0
0.0
0.0
0.0
0.0
0.0
0.0
0.0
0.0
0.0
0.0
0.0
0.0
0.0
0.0
0.0
0.0
0.0009
0.0135
0.0101
0.0004
0.0
0.0
0.0
0.0
0.0005
0.0
0.0
0.0019
0.0
0.0
0.0
0.0
0.0
0.0
0.0
0.0
0.0
0.0
0.0
0.0
0.0
0.0052
0.0048
0.0019
0.0
0.0
0.0
0.0
0.0
0.0
0.0001
0.0
0.0
0.0
0.0
0.0
0.0012
0.0369
0.0633
0.0
0.0
0.0001
0.0029
0.043
0.0971
0.0876
0.1217
0.1096
0.0224
0.0
0.0
0.0
0.0
0.0
0.0
0.0014
0.0
0.0
0.0
0.0
0.0
0.0
0.0
0.0
0.0
0.0
0.0
0.0
0.0173
0.1202
0.1449
0.1359
0.1224
0.0054
0.0
0.0
0.0
0.0
0.0
0.0009
0.0008
0.0
0.0
0.0
0.0
0.0
0.0
0.0
0.0
0.0
0.0
0.0
0.0008
0.0616
0.0997
0.0565
0.0025
0.0
0.0
0.0
0.0
0.0
0.0
0.0003
0.0
0.0
0.0
0.0
0.0
0.0001
0.0005
0.0
0.0
0.0029
0.0136
0.0422
0.0951
0.1509
0.158
0.1468
0.0827
0.0021
0.0
0.0002
0.0001
0.0
0.0005
0.0018
0.0
0.0
0.0
0.0
0.0
0.0012
0.0366
0.0257
0.0026
0.0484
0.1059
0.1241
0.1157
0.0849
0.0685
0.0839
0.0186
0.0
0.0
0.0
0.0
0.0
0.0
0.0026
0.0
0.0
0.0
0.0
0.0
0.0
0.0
0.0
0.0
0.0
0.0
0.0
0.0872
0.1147
0.1131
0.082
0.073
0.0227
0.0003
0.0
0.0
0.0
0.0
0.0
0.0001
0.0
0.0
0.0
0.0
0.0
0.0
0.0
0.0003
0.0011
0.0038
0.0415
0.0096
0.0213
0.1126
0.1202
0.0136
0.0
0.0
0.0
0.0
0.0
0.0003
0.0049
0.0
0.0
0.0
0.0
0.0
0.0
0.0
0.0
0.0
0.0007
0.0012
0.0144
0.0525
0.0613
0.0737
0.0984
0.0278
0.0
0.0
0.0
0.0
0.0
0.0012
0.0
0.0
0.0
0.0
0.0
0.0
0.0
0.0
0.0
0.0
0.0
0.0
0.0
0.0008
0.0044
0.011
0.0105
0.0067
0.0017
0.0
0.0
0.0
0.0
0.0
0.0009
0.0
0.0018
0.0006
0.0002
0.0
0.0
0.0
0.0
0.0
0.0
0.0
0.0
0.0007
0.0051
0.0268
0.0089
0.0
0.0
0.0
0.0
0.0004
0.0
0.0001
0.0028
0.0
0.0
0.0
0.0
0.0
0.0
0.0
0.0
0.0
0.0
0.0
0.0005
0.0013
0.011
0.0091
0.0
0.0
0.0
0.0
0.0
0.0
0.0
0.0
0.0
0.0001
0.0
0.0
0.0
0.0
0.0
0.0
0.0
0.0044
0.0046
0.0025
0.0044
0.0048
0.0043
0.0072
0.0714
0.0181
0.0
0.0
0.0
0.0
0.0001
0.0
0.0
0.0009
0.0
0.0
0.0
0.0
0.0
0.0
0.0
0.0
0.0
0.0
0.0002
0.001
0.0061
0.0087
0.0065
0.0003
0.0
0.0
0.0
0.0
0.0
0.0
0.0026
0.0008
0.0
0.0
0.0
0.0
0.0
0.0
0.0
0.0
0.0
0.0
0.0016
0.0212
0.066
0.01
0.0008
0.0
0.0
0.0
0.0
0.0
0.0
0.0
0.0012
0.0
0.0
0.0
0.0
0.0
0.0
0.0
0.0
0.0
0.0
0.0
0.0
0.0003
0.0027
0.0049
0.001
0.0
0.0
0.0
0.0
0.0
0.0005
0.0005
0.0
0.0
0.0
0.0
0.0
0.0
0.0
0.0
0.0
0.0
0.0002
0.0093
0.059
0.131
0.1274
0.1472
0.0525
0.0008
0.0
0.0
0.0
0.0
0.0
0.0
0.0
0.0
0.0
0.0007
0.0005
0.0
0.0
0.0
0.0
0.0005
0.0003
0.0
0.0
0.0252
0.0958
0.1248
0.1314
0.062
0.0
0.0
0.0
0.0
0.0
0.0
0.0
0.0
0.0
0.0
0.0
0.0
0.0
0.0
0.0
0.0
0.0
0.0
0.0022
0.0297
0.0957
0.1194
0.1358
0.0689
0.0031
0.0007
0.0
0.0
0.0
0.0
0.0
0.0
0.0
0.0
0.0003
0.0018
0.0017
0.0017
0.0003
0.0
0.0
0.0036
0.0237
0.1101
0.1437
0.1359
0.1319
0.1168
0.0498
0.0371
0.0014
0.0
0.0
0.0
0.0
0.0
0.0
0.0
0.0017
0.0027
0.0004
0.0
0.0
0.0
0.0
0.0
0.0
0.009
0.0781
0.049
0.0452
0.0033
0.0
0.0
0.0
0.0
0.0
0.0
0.0021
0.0006
0.0
0.0
0.0
0.0
0.0
0.0
0.0
0.0
0.0
0.0
0.0014
0.0274
0.0841
0.1241
0.1177
0.0921
0.0731
0.0051
0.0026
0.0
0.0
0.0
0.002
0.001
0.0
0.0
0.0
0.0
0.0
0.0
0.0
0.0
0.0
0.0
0.0
0.0
0.0042
0.0073
0.0044
0.0
0.0
0.0
0.0
0.0
0.0
0.0021
0.0
0.0
0.0
0.0
0.0
0.0
0.0
0.0
0.0168
0.009
0.0005
0.0856
0.0949
0.0964
0.1033
0.0927
0.0136
0.0
0.0
0.0
0.0
0.0
0.0
0.0
0.0
0.0008
0.0
0.0
0.0
0.0
0.0
0.0
0.0035
0.0053
0.0057
0.0066
0.0057
0.0005
0.0623
0.0739
0.0132
0.0029
0.0005
0.0
0.0
0.0
0.0
0.0
0.0
0.0
0.0
0.0
0.0
0.0
0.0
0.0
0.0
0.0
0.0
0.0
0.0
0.0047
0.0923
0.132
0.1117
0.0033
0.0
0.0
0.0
0.0
0.0
0.0
0.0
0.0
0.0011
0.0012
0.0003
0.0
0.0
0.0
0.0
0.0004
0.0
0.0067
0.0746
0.1225
0.1401
0.1425
0.1355
0.0766
0.0123
0.0
0.0
0.0
0.0
0.0
0.0
0.0006
0.0
0.0
0.0
0.0
0.0
0.0
0.0
0.0
0.0
0.0
0.0172
0.0514
0.0964
0.1239
0.0308
0.0008
0.0
0.0
0.0
0.0
0.0
0.0
0.0024
0.0013
0.0
0.0
0.0
0.0
0.0
0.0
0.0
0.0
0.0
0.0049
0.0164
0.0417
0.0598
0.123
0.1262
0.078
0.001
0.0
0.0
0.0
0.0
0.0
0.0
0.0007
0.0
0.0
0.0
0.0
0.0
0.0006
0.006
0.0048
0.0244
0.0576
0.0054
0.0873
0.062
0.0725
0.0779
0.0428
0.0
0.0
0.0
0.0
0.0
0.0
0.0012
0.0025
0.0
0.0
0.0
0.0
0.0
0.0
0.0
0.0004
0.0
0.0
0.0
0.009
0.0735
0.0767
0.0797
0.0124
0.0022
0.002
0.002
0.002
0.0019
0.0009
0.0005
0.0029
0.0
0.0
0.0
0.0
0.0
0.0
0.0
0.0
0.0
0.0
0.0028
0.0073
0.0681
0.1038
0.0549
0.0
0.0
0.0
0.0
0.0
0.0
0.0
0.0
0.0001
0.0017
0.0018
0.0007
0.0
0.0
0.0
0.0
0.0
0.0
0.0
0.0
0.0274
0.0785
0.0967
0.0684
0.0029
0.0
0.0
0.0
0.0
0.0
0.0
0.0
0.0012
0.0016
0.0
0.0
0.0
0.0
0.0
0.0
0.0
0.0
0.0
0.0
0.0
0.005
0.007
0.001
0.0
0.0019
0.0
0.0
0.0
0.0
0.0
0.0
0.0052
0.0015
0.0005
0.0
0.0
0.0
0.0
0.0
0.0
0.0
0.0
0.0014
0.0048
0.0091
0.0121
0.0123
0.0024
0.0
0.0
0.0
0.0
0.0
0.0
0.0
0.0007
0.002
0.0036
0.0026
0.0017
0.0002
0.0
0.0
0.0
0.0
0.0
0.0
0.0
0.0108
0.0064
0.0
0.0
0.0
0.0
0.0
0.0
0.0
0.0
0.0
0.0013
0.0
0.0
0.0
0.0
0.0
0.0009
0.0015
0.0015
0.0013
0.0002
0.0
0.0
0.0059
0.0077
0.0072
0.0
0.0
0.0
0.0
0.0032
0.0026
0.0
0.0
0.0
0.0
0.0
0.0
0.0
0.0
0.0
0.0
0.0
0.0
0.0
0.0044
0.0308
0.0085
0.011
0.077
0.0986
0.0554
0.0
0.0
0.0
0.0
0.0
0.0
0.0
0.0
0.0
0.0
0.0
0.0
0.0
0.0
0.0
0.0
0.0105
0.0538
0.0682
0.1247
0.145
0.1332
0.1326
0.1238
0.1013
0.0139
0.0
0.0
0.0
0.0
0.0001
0.0
0.023
0.0582
0.0452
0.0355
0.0371
0.0
0.0
0.0
0.0
0.0
0.0001
0.1128
0.1014
0.0414
0.0
0.0
0.0
0.0
0.0
0.0
0.0
0.0
0.0001
0.0
0.0001
0.0006
0.006
0.0049
0.0013
0.0003
0.0
0.0
0.0288
0.0152
0.1244
0.1285
0.1413
0.0857
0.0478
0.0163
0.0
0.0
0.0
0.0
0.0
0.0001
0.0001
0.0
0.0
0.0
0.0
0.0
0.0
0.0064
0.0057
0.0005
0.0018
0.002
0.0437
0.1317
0.1364
0.1353
0.1374
0.065
0.0278
0.0
0.0
0.0
0.0
0.0
0.0002
0.0
0.0
0.0
0.0
0.0
0.0
0.0
0.0
0.0
0.0254
0.0568
0.1242
0.1329
0.1557
0.1442
0.0797
0.0
0.0
0.0
0.0
0.0
0.0
0.0
0.0
0.0
0.0
0.0
0.0
0.0
0.0002
0.0258
0.0005
0.0
0.0
0.0004
0.105
0.1281
0.1256
0.1097
0.1245
0.0405
0.0005
0.0
0.0
0.0
0.0003
0.0
0.0
0.0
0.0006
0.0
0.0
0.0
0.0
0.0
0.0
0.0
0.003
0.0593
0.1278
0.1462
0.1466
0.1489
0.1325
0.0771
0.0
0.0
0.0
0.0
0.0
0.0
0.0001
0.0
0.0
0.0
0.0
0.0
0.0
0.0
0.0001
0.0006
0.0
0.0142
0.0592
0.085
0.0643
0.0202
0.0108
0.0369
0.0
0.0
0.0
0.0
0.0
0.0
0.0001
0.0
0.0
0.0
0.0
0.0026
0.0051
0.0483
0.0416
0.0391
0.0895
0.1013
0.1053
0.088
0.0609
0.0533
0.0384
0.0408
0.038
0.0024
0.0
0.0
0.0
0.0
0.0001
0.0
0.0
0.0
0.0
0.0
0.0046
0.0482
0.0744
0.131
0.1258
0.1384
0.1222
0.0
0.0
0.0
0.0
0.0
0.0
0.0
0.0
0.0
0.0
0.0
0.0
0.0
0.0
0.0
0.0
0.0
0.0
0.0
0.0
0.0
0.0
0.0187
0.0673
0.1297
0.1202
0.1073
0.1229
0.0577
0.0011
0.0
0.0
0.0
0.0
0.0
0.0004
0.0
0.0
0.0
0.0
0.0
0.0
0.0
0.0
0.0
0.0028
0.0054
0.082
0.1503
0.1423
0.1474
0.1
0.0725
0.0037
0.0
0.0
0.0
0.0
0.0
0.0001
0.0
0.0
0.0035
0.0009
0.0
0.0
0.0
0.0
0.0013
0.0035
0.0068
0.0433
0.1381
0.1358
0.1458
0.1346
0.0593
0.0
0.0
0.0
0.0
0.0
0.0
0.0
0.0
0.0
0.0
0.0
0.0
0.0
0.0
0.0
0.0
0.0
0.0
0.009
0.0023
0.1158
0.1514
0.0956
0.0902
0.022
0.0
0.0
0.0
0.0
0.0
0.0
0.0004
0.0002
0.0
0.0
0.0
0.0
0.0
0.0
0.0021
0.0028
0.0024
0.0162
0.0978
0.1403
0.1286
0.0789
0.0
0.0
0.0
0.0
0.0
0.0
0.0006
0.0001
0.0
0.0
0.0
0.0
0.0002
0.0
0.0
0.0014
0.0035
0.0032
0.0283
0.0793
0.098
0.0993
0.0956
0.0213
0.0
0.0
0.0
0.0
0.0
0.0
0.0
0.0002
0.0
0.0
0.0
0.0
0.0
0.0
0.0
0.0
0.0
0.0
0.0
0.0
0.032
0.0727
0.0622
0.0827
0.0187
0.0046
0.0
0.0
0.0
0.0
0.0
0.0
0.0
0.0
0.0
0.0033
0.0031
0.0014
0.0015
0.0002
0.0
0.0
0.0002
0.0263
0.0693
0.0595
0.0717
0.0434
0.005
0.0
0.0
0.0
0.0
0.0
0.0
0.0001
0.0
0.0
0.0
0.0
0.0
0.0
0.0
0.0
0.0
0.0
0.0
0.0015
0.0621
0.0504
0.0576
0.0663
0.0477
0.0
0.0
0.0
0.0
0.0
0.0
0.0
0.0
0.0
0.0
0.0
0.0
0.0
0.0
0.0
0.0007
0.0018
0.0322
0.119
0.1395
0.1413
0.1353
0.0616
0.0311
0.0
0.0
0.0
0.002
0.0005
0.0011
0.0
0.0
0.0
0.0
0.0
0.0
0.0
0.0
0.0
0.0
0.0
0.0
0.0007
0.0478
0.0992
0.0892
0.0608
0.0011
0.0
0.0
0.0
0.0
0.0
0.001
0.0
0.0
0.0
0.0009
0.0011
0.0
0.0
0.0
0.0011
0.0012
0.0013
0.0012
0.0012
0.0643
0.0659
0.0516
0.0252
0.0