0.0
0.0
9.3e-12
6.6e-12
9.3e-12
9.3e-12
5.7e-12
0.0
5.5e-12
3.9e-12
1.98e-11
2.14e-11
8.14e-11
4.65e-11
9.7e-12
8.6e-12
2.43e-11
1.3e-11
5.44e-11
1.847e-10
2.684e-10
2.6e-10
2.498e-10
2.059e-10
5.79e-11
1.57e-11
9.3e-12
4.3e-12
0.0
0.0
5.1e-12
1.24e-11
2.5e-12
2.3e-12
2.77e-11
2.68e-11
7.23e-11
1.51e-11
7.9e-12
1.16e-11
1.72e-11
1.4e-11
4.62e-11
1.88e-10
2.152e-10
1.922e-10
1.07e-10
1.65e-11
1.06e-11
1.03e-11
1.07e-11
1.02e-11
1.05e-11
1.19e-11
1.26e-11
6e-13
3.1e-12
2.2e-12
7.2e-12
1.24e-11
1.07e-11
8.1e-12
1.08e-11
1.04e-11
2.01e-11
1.71e-11
2.15e-11
2.57e-11
2.025e-10
0.0
9.42e-11
4.21e-11
2.22e-11
1.19e-11
1.17e-11
1.07e-11
7.4e-12
9.3e-12
9.5e-12
1.41e-11
0.0
2.9e-12
1.08e-11
1.68e-11
2.09e-11
1.41e-11
6.2e-12
6.5e-12
6.1e-12
5.4e-12
2.7e-12
7.69e-11
1.575e-10
2.064e-10
1.951e-10
6.38e-11
1.28e-11
1.11e-11
9.8e-12
1.01e-11
1e-11
1.01e-11
1.17e-11
8.8e-12
0.0
1.9e-12
7.3e-12
8.2e-12
3.5e-12
6.4e-12
9.6e-12
1.12e-11
4.91e-11
1.173e-10
9.93e-11
1.405e-10
2.199e-10
2.233e-10
9.05e-11
4.84e-11
1.93e-11
1.52e-11
1.22e-11
9.2e-12
9.2e-12
1.04e-11
8.4e-12
9.6e-12
1.48e-11
7.6e-12
1.07e-11
1.46e-11
1.24e-11
1.3e-11
2.06e-11
1.32e-11
8.7e-12
9.5e-12
9.3e-12
1.71e-11
1.405e-10
2.305e-10
1.472e-10
6.84e-11
1.91e-11
1.08e-11
8.9e-12
9.3e-12
8.9e-12
1.34e-11
1.46e-11
8.9e-12
6.8e-12
9.9e-12
1.28e-11
8.4e-12
2.9e-12
3.6e-12
6e-13
0.0
2.6e-12
4.1e-12
3e-12
8.6e-12
1.218e-10
1.429e-10
4.48e-11
2.87e-11
1.74e-11
1.43e-11
9e-12
8.9e-12
9e-12
9e-12
9e-12
1.45e-11
4e-12
8e-12
1.09e-11
7.4e-12
2.7e-12
9e-13
6.5e-12
5.8e-12
4.7e-12
1e-13
3.4e-12
1.09e-11
5.54e-11
1.727e-10
5.92e-11
1.53e-11
8.8e-12
8.7e-12
9.1e-12
8.7e-12
8.8e-12
8.9e-12
1.45e-11
8.5e-12
0.0
1.05e-11
2.9e-12
1.63e-11
1.84e-11
1.14e-11
6.2e-12
7e-12
5.2e-12
7.9e-12
3.5e-12
2e-12
4.39e-11
6.23e-11
3.12e-11
2.13e-11
1.17e-11
1.03e-11
9.5e-12
9.4e-12
9.4e-12
1.22e-11
1.18e-11
8e-12
4.6e-12
9e-12
1.71e-11
1.33e-11
6.8e-12
3.5e-12
1.19e-11
6e-12
1.3e-12
1.01e-11
1.18e-11
1.29e-11
1.479e-10
1.516e-10
1.383e-10
7.08e-11
1.99e-11
1.56e-11
1.24e-11
1.05e-11
1.11e-11
1.06e-11
1.05e-11
1.07e-11
8e-12
1.17e-11
9.5e-12
1.41e-11
1.66e-11
1.25e-11
1.53e-11
2.34e-11
2.29e-11
4.39e-11
1.254e-10
1.355e-10
1.791e-10
2.327e-10
1.363e-10
5.01e-11
2.36e-11
1.67e-11
1.04e-11
9.4e-12
9.4e-12
9.4e-12
1.22e-11
1e-11
2.3e-12
1.23e-11
1.63e-11
4.8e-12
3.4e-12
5.3e-12
9.7e-12
5.4e-12
5.4e-12
9.8e-12
7.4e-12
1.24e-11
6.63e-11
1.788e-10
1.629e-10
6.6e-11
1.8e-11
1.62e-11
1.28e-11
1.35e-11
1.24e-11
1.13e-11
1.66e-11
1.03e-11
9e-13
5.8e-12
5.5e-12
4.6e-12
4.4e-12
5.4e-12
5.2e-12
1.02e-11
3.3e-12
2.1e-12
8.34e-11
1.529e-10
1.619e-10
1.554e-10
5.16e-11
2.14e-11
1.05e-11
9.2e-12
9.1e-12
9.2e-12
9.9e-12
9.3e-12
1.16e-11
4.8e-12
4.9e-12
3.5e-12
1.9e-12
5.8e-12
5.34e-11
3.88e-11
7.5e-12
6.5e-12
1.02e-11
5.34e-11
4.16e-11
7.1e-11
1.182e-10
1.29e-10
1.249e-10
7.15e-11
4.41e-11
4.87e-11
2.75e-11
1.36e-11
1.21e-11
1.13e-11
1.24e-11
1.03e-11
6.5e-12
7.1e-12
2.5e-11
3.19e-11
2.69e-11
1.72e-11
1.38e-11
3.4e-11
5.71e-11
1.158e-10
1.047e-10
1.321e-10
1.967e-10
1.177e-10
1.099e-10
8.25e-11
2.22e-11
1.29e-11
1.02e-11
1.01e-11
1.05e-11
1.02e-11
1.01e-11
1.29e-11
4.6e-12
1.47e-11
9.9e-12
9.2e-12
7.4e-12
9.8e-12
7.2e-12
6e-13
0.0
1.91e-11
1.11e-11
7.39e-11
2.009e-10
2.449e-10
1.346e-10
1.75e-11
1.53e-11
1.91e-11
9.4e-12
1.23e-11
1.15e-11
1.01e-11
9.6e-12
1.47e-11
1.6e-12
1.05e-11
3.33e-11
1.39e-11
1.33e-11
1.21e-11
8.6e-12
1.26e-11
6.6e-12
5.7e-12
1.24e-11
8.73e-11
2.106e-10
9.52e-11
7.27e-11
4.23e-11
1.95e-11
1.03e-11
1.03e-11
1.08e-11
1.04e-11
1.05e-11
1.43e-11
1.91e-11
4.8e-12
5.7e-12
4e-12
5.3e-12
8.4e-12
1.27e-11
1.91e-11
1.14e-11
6.4e-12
1.54e-11
3.57e-11
4.34e-11
2.215e-10
2.101e-10
8.32e-11
5.92e-11
1.94e-11
1.36e-11
1.26e-11
1.23e-11
1.3e-11
1.69e-11
1.82e-11
2e-11
8.2e-12
1.6e-11
2.44e-11
1.03e-11
1.21e-11
1.58e-11
8.7e-12
2.08e-11
1.28e-11
6e-12
9.5e-12
2.42e-11
1.202e-10
1.752e-10
1.628e-10
9.73e-11
1.96e-11
1.12e-11
1.03e-11
1.31e-11
1.31e-11
1.26e-11
1.1e-11
9.4e-12
1.6e-12
0.0
0.0
3e-12
6e-12
5.1e-12
8.6e-12
1.54e-11
2.13e-11
1.54e-11
3.21e-11
1.231e-10
1.629e-10
2.34e-10
2.074e-10
1.141e-10
6.14e-11
3.07e-11
1.3e-11
1.17e-11
1.09e-11
1.06e-11
1.2e-11
1.69e-11
1e-12
6.7e-12
7.3e-12
8.3e-12
6.7e-12
1.8e-11
1.68e-11
1.43e-11
5e-12
1.2e-12
1.7e-12
2e-12
3.77e-11
8.35e-11
9.04e-11
5.33e-11
2.61e-11
3.24e-11
2.12e-11
8.9e-12
9e-12
1.08e-11
1.21e-11
1.18e-11
4.6e-12
1.11e-11
1.52e-11
9.8e-12
1.35e-11
8.3e-12
1.28e-11
7.8e-12
2.38e-11
2.63e-11
1.07e-11
1.57e-11
5.54e-11
9.58e-11
1.135e-10
9.83e-11
2.78e-11
1.54e-11
1.91e-11
1.13e-11
1.05e-11
9.8e-12
1.58e-11
1.82e-11
1.51e-11
1.05e-11
1.58e-11
1.01e-11
1.12e-11
1.54e-11
2.04e-11
2e-12
1.22e-11
9.52e-11
2.83e-11
5.81e-11
1.644e-10
1.948e-10
1.885e-10
7.64e-11
1.32e-11
1.3e-11
1.15e-11
1.01e-11
9.5e-12
1e-11
1.7e-11
1.45e-11
4.4e-12
1.01e-11
5.6e-12
1.85e-11
1.72e-11
2.75e-11
1.6e-11
8.2e-12
1.51e-11
8.74e-11
4.74e-11
9.7e-12
1.232e-10
1.644e-10
1.627e-10
1.113e-10
2.77e-11
8.1e-12
4.6e-12
2e-12
2.2e-12
1.3e-12
3e-12
1.56e-11
2.3e-12
6.1e-12
1.59e-11
2e-11
8e-12
3.7e-12
3.8e-12
2.6e-12
1.51e-11
1.48e-11
7.23e-11
1.449e-10
1.836e-10
2.569e-10
1.917e-10
1.163e-10
4.32e-11
2.8e-12
1.05e-11
1.1e-11
1.02e-11
9.5e-12
1.03e-11
1.1e-11
4.2e-12
4.3e-12
5.6e-12
6e-12
6.8e-12
8.2e-12
1.39e-11
2.4e-11
7.3e-12
8.7e-12
6.8e-12
2.8e-11
1.188e-10
2.162e-10
1.665e-10
1.082e-10
1.37e-10
1.574e-10
1.664e-10
8.14e-11
1.11e-11
1.05e-11
6.6e-12
1.51e-11
9.1e-12
1.5e-11
1.04e-11
2.22e-11
9.18e-11
3.45e-11
1.07e-11
5.06e-11
4.33e-11
1.8e-11
2.96e-11
7.95e-11
1.945e-10
2.262e-10
1.644e-10
3.64e-11
2.1e-12
1e-12
8e-13
9e-13
8e-13
9e-13
2.8e-12
1.82e-11
1.63e-11
3.31e-11
3.11e-11
1.29e-11
7.6e-12
2.05e-11
1e-11
1.01e-11
6e-12
6e-13
5.12e-11
2.32e-11
1.745e-10
1.837e-10
1.561e-10
1.044e-10
2.05e-11
7.4e-12
0.0
0.0
0.0
0.0
1.5e-12
1.45e-11
1.5e-11
1.53e-11
1.95e-11
2.63e-11
2.25e-11
1.48e-11
2.12e-11
4.76e-11
1.056e-10
1.198e-10
1.346e-10
1.27e-10
1.662e-10
1.816e-10
1.511e-10
1.84e-11
1.7e-12
9e-13
1e-12
4.5e-12
4.6e-12
5.6e-12
6.9e-12
8.5e-12
3.8e-12
9.4e-12
5.5e-12
1.08e-11
1.22e-11
1.64e-11
2.68e-11
2.46e-11
9.15e-11
1.008e-10
8.6e-11
1.11e-10
1.551e-10
1.079e-10
1.939e-10
1.207e-10
3.36e-11
3.6e-11
2.2e-11
1.24e-11
1.18e-11
3.6e-12
1.3e-12
6.9e-12
4.7e-12
1.15e-11
6.4e-12
5.1e-12
5.2e-12
4.5e-12
2.46e-11
4.31e-11
2.06e-11
2.48e-11
5.78e-11
9.94e-11
1.109e-10
2.157e-10
1.313e-10
2.67e-11
1.43e-11
2.6e-11
9e-13
9e-13
9e-13
7e-13
4e-13
1.06e-11
3e-12
2.1e-12
5.8e-12
4.1e-12
6.5e-12
9.6e-12
2.21e-11
1.19e-11
1.31e-11
1.01e-11
1.02e-11
1.87e-11
1.056e-10
1.193e-10
1.123e-10
5.27e-11
1.79e-11
3.5e-12
2e-12
1.9e-12
2e-12
2.2e-12
9e-13
9.8e-12
5.8e-12
7.7e-12
8.4e-12
2.6e-12
9.8e-12
3.36e-11
4.9e-12
2.2e-12
3.5e-12
6.2e-12
6.12e-11
3.59e-11
1.343e-10
1.77e-10
1.847e-10
4.63e-11
2.19e-11
5e-13
2e-13
3e-12
2.2e-12
1e-13
7e-13
5.1e-12
2e-13
9.8e-12
1.19e-11
4.3e-12
7e-13
1.2e-12
2.8e-12
1.9e-12
1e-12
1.6e-12
3.69e-11
1.043e-10
7.9e-11
6.76e-11
2.92e-11
1.52e-11
4.3e-12
0.0
0.0
0.0
0.0
0.0
6e-13
1.9e-11
2e-13
1.2e-12
7.5e-12
7.3e-12
7.2e-12
6.7e-12
1.45e-11
1.07e-11
1.43e-11
7.5e-12
3.79e-11
1.16e-11
6.9e-11
1.013e-10
4.24e-11
1.46e-11
0.0
0.0
0.0
0.0
0.0
0.0
7e-13
5.7e-12
7e-13
9.2e-12
1.29e-11
1.43e-11
1.41e-11
1.6e-11
1.15e-11
7.6e-12
8.8e-12
1.18e-11
8.6e-12
7.3e-12
2.32e-11
5.78e-11
4.36e-11
3.3e-12
0.0
0.0
0.0
0.0
0.0
0.0
8e-13
5.4e-12
6e-13
7.6e-12
1.43e-11
1.24e-11
1.64e-11
1.96e-11
9.8e-12
2.59e-11
1.07e-11
9.3e-12
1.39e-11
1.51e-11
4.43e-11
4.91e-11
4.76e-11
3e-13
0.0
0.0
0.0
0.0
0.0
0.0
7e-13
4.7e-12
9e-13
1.8e-12
1.2e-12
9e-13
5e-12
2.1e-12
3.6e-12
1.6e-12
9.4e-12
1.38e-11
1.03e-11
4.4e-12
2.78e-11
4.68e-11
2.96e-11
1e-11
1.07e-11
1.37e-11
1.1e-11
9.8e-12
9.5e-12
9.6e-12
1.08e-11
1.2e-11
1e-13
7e-12
1.18e-11
8.7e-12
9.3e-12
1.52e-11
2.02e-11
1.088e-10
7.04e-11
9.61e-11
9.89e-11
1.161e-10
1.946e-10
2.094e-10
2.079e-10
1.372e-10
2.91e-11
4.7e-12
7e-13
5e-13
4e-13
0.0
0.0
9.1e-12
9.9e-12
2.1e-12
6.1e-12
5e-12
5.7e-12
3.09e-11
5.2e-12
9.3e-12
5.4e-12
7.2e-12
2.18e-11
8.5e-11
1.268e-10
1.811e-10
1.488e-10
6.74e-11
5.8e-12
2.9e-12
0.0
0.0
0.0
0.0
3.1e-12
6e-12
7.4e-12
1.24e-11
1.18e-11
8.5e-12
7.2e-12
2.38e-11
1.76e-11
1.42e-11
3.05e-11
1.305e-10
9.88e-11
1.425e-10
1.475e-10
1.537e-10
6.93e-11
2.53e-11
1.8e-12
1.2e-12
6e-13
3e-13
6e-13
5e-13
1.3e-12
5.7e-12
6.6e-12
5.8e-12
9.7e-12
2.7e-12
8e-13
1.3e-12
3.7e-12
2e-12
2.6e-12
4.52e-11
8.12e-11
1.381e-10
2.417e-10
2.72e-10
1.612e-10
6.2e-11
1.12e-11
2.7e-12
1.8e-12
5e-13
0.0
0.0
2e-13
4.7e-12
5e-13
9e-12
1.5e-11
2.86e-11
5.55e-11
4.63e-11
5.95e-11
1.64e-11
8.3e-12
2.05e-11
8.9e-12
6.74e-11
2.215e-10
2.615e-10
2.491e-10
1.914e-10
2.39e-11
4.3e-12
1.7e-12
1.5e-12
1.1e-12
4e-13
1.4e-12
3.9e-12
7e-13
5e-12
1.15e-11
9.3e-12
7.3e-12
1.43e-11
5e-11
1.9e-11
1.98e-11
8.46e-11
1.296e-10
1.819e-10
2.917e-10
2.652e-10
1.698e-10
8.04e-11
7.3e-12
3.1e-12
1.8e-12
3e-13
0.0
0.0
7e-13
3.5e-12
2.3e-12
1.8e-12
4e-12
5.3e-12
5.8e-12
9.7e-12
5.5e-12
7e-13
1.199e-10
1.148e-10
1.9e-11
1.069e-10
1.728e-10
2.596e-10
1.929e-10
9.89e-11
1.88e-11
5.6e-12
6e-13
1e-13
2e-13
1e-13
4e-13
1.48e-11
3.5e-12
6.8e-12
3.23e-11
3.64e-11
3.61e-11
4.47e-11
5.72e-11
2.56e-11
3.4e-12
1.85e-11
7.72e-11
1.052e-10
1.648e-10
8.65e-11
4.32e-11
3.28e-11
1.02e-11
1.9e-12
1.5e-12
1e-12
3e-13
0.0
0.0
5.9e-12
5e-13
1.4e-12
1.1e-12
2.18e-11
3.31e-11
3.41e-11
2.85e-11
9e-13
8e-13
4.71e-11
5.05e-11
5.27e-11
3.86e-11
3.79e-11
3.6e-11
8.3e-12
1.9e-12
0.0
0.0
0.0
0.0
0.0
0.0
2.3e-12
2.5e-12
3.1e-12
2e-12
2.5e-12
1.1e-12
0.0
3.16e-11
3.83e-11
1.64e-11
3.1e-12
5.02e-11
7.01e-11
6.72e-11
6.42e-11
6.15e-11
2.99e-11
0.0
0.0
0.0
0.0
0.0
2.8e-12
5e-13
9.9e-12
7e-13
1.9e-12
4.4e-12
1e-12
5e-13
3.4e-12
1.39e-11
6.9e-12
5.4e-12
1.3e-12
1.24e-11
9.9e-12
4.25e-11
6.9e-11
8.73e-11
2.5e-11
9e-13
8e-13
5e-13
0.0
0.0
0.0
0.0
3.9e-12
9e-13
1.26e-11
2.97e-11
8.1e-12
9.6e-12
1.71e-11
5e-12
6.2e-12
1.12e-11
4.49e-11
4.39e-11
1.209e-10
1.458e-10
1.273e-10
9.97e-11
3.06e-11
9e-13
2e-13
0.0
0.0
0.0
0.0
3.2e-12
6.3e-12
3.1e-12
2.39e-11
1.2e-11
1.1e-11
1.7e-11
5.01e-11
2.32e-11
3.73e-11
4.57e-11
5.7e-11
6.61e-11
6.68e-11
8.45e-11
1.175e-10
8.43e-11
7.2e-11
3.07e-11
0.0
0.0
0.0
0.0
0.0
3e-13
4.2e-12
8e-13
2.8e-12
3.8e-12
4.28e-11
5.37e-11
1.55e-11
1.61e-11
9.3e-12
6.4e-12
7.5e-12
4.84e-11
7.99e-11
1.076e-10
1.11e-10
4.97e-11
2.04e-11
0.0
9.99999999999e-14
0.0
0.0
0.0
1e-13
0.0
3.2e-12
6.1e-12
7.7e-12
1.07e-11
4.6e-12
3.5e-12
2e-13
5e-13
1.28e-11
3.32e-11
5.03e-11
1.71e-11
5.81e-11
9.81e-11
1.023e-10
9.46e-11
2.7e-11
1.63e-11
7.2e-12
0.0
0.0
0.0
0.0
0.0
4.3e-12
5.2e-12
7.9e-12
1.76e-11
6.8e-12
9.7e-12
1.19e-11
1.05e-11
4.57e-11
6.87e-11
7.59e-11
3.95e-11
1.72e-11
4.23e-11
8.71e-11
4.57e-11
2.19e-11
2e-12
0.0
0.0
0.0
0.0
5e-13
3.3e-12
3.5e-12
7.3e-12
1.09e-11
2.15e-11
1.76e-11
1.6e-11
1e-11
3.3e-12
7.4e-12
7e-12
1.28e-11
1.45e-11
2.45e-11
1.738e-10
2.379e-10
1.489e-10
4.25e-11
5e-12
1.9e-12
1.8e-12
2.3e-12
1.1e-12
6e-13
1e-12
3.4e-12
6.5e-12
3e-12
6.7e-12
7.4e-12
5e-12
4.3e-12
1.4e-12
3.6e-12
1.2e-11
9.9e-12
1.16e-11
6.5e-12
2.88e-11
6.04e-11
6.46e-11
4.33e-11
1.9e-12
2e-13
0.0
0.0
0.0
0.0
4e-13
9e-13
0.0
2.35e-11
2.41e-11
5.78e-11
4.15e-11
1.91e-11
2.95e-11
1.65e-11
5.6e-12
6.9e-12
1.24e-11
1.19e-11
2.57e-11
6.61e-11
4.94e-11
2.91e-11
1.1e-11
6.1e-12
4e-13
0.0
0.0
0.0
0.0
3.6e-12
2e-13
2e-12
1.69e-11
1.7e-11
1.05e-11
5.3e-12
3.7e-12
3.2e-12
1.17e-11
4.9e-12
1.2e-12
2.9e-12
4.79e-11
9.72e-11
1.072e-10
3.47e-11
5.3e-12
2.1e-12
0.0
0.0
0.0
0.0
0.0
6.8e-12
1.4e-12
6.2e-12
3.9e-12
1.28e-11
1.24e-11
8.8e-12
1.75e-11
6.34e-11
6.8e-11
7.31e-11
2.86e-11
6.02e-11
4.39e-11
6.15e-11
4.88e-11
1.48e-11
2.1e-12
0.0
0.0
4.6e-12
3.8e-12
0.0
0.0
2.5e-12
2.7e-12
5.4e-12
7.3e-12
9.2e-12
5.2e-12
9.5e-12
1.35e-11
1.43e-11
6.4e-12
1.04e-11
3.87e-11
3.36e-11
1.026e-10
1.563e-10
4.71e-11
3.27e-11
2.11e-11
6.3e-12
5.1e-12
5.2e-12
2.9e-12
0.0
0.0
2.3e-12
1.4e-12
0.0
6.28e-11
4.56e-11
2.31e-11
3.41e-11
3.48e-11
3.27e-11
5.3e-12
2.47e-11
1.19e-11
1.65e-11
8.06e-11
4.8e-11
3.58e-11
9.8e-12
3.2e-12
2e-13
0.0
0.0
0.0
0.0
4.2e-12
1.4e-12
5.2e-12
9.6e-12
2.48e-11
2.03e-11
9.7e-12
2.9e-11
7.28e-11
2.1e-11
7.66e-11
3.55e-11
5.07e-11
1.893e-10
1.703e-10
1.937e-10
2.004e-10
9.36e-11
2.4e-11
9e-13
7.99999999999e-13
0.0
0.0
0.0
0.0
6e-12
6.5e-12
3.6e-12
7e-12
4.5e-12
2.2e-12
8.2e-12
2.67e-11
5.13e-11
1.18e-11
2.22e-11
1.51e-11
1.177e-10
1.499e-10
1.974e-10
2.321e-10
7.83e-11
2.33e-11
6.8e-12
3.8e-12
5e-13
1e-13
0.0
0.0
2.2e-12
9.99999999999e-14
8.1e-12
2.05e-11
1.71e-11
1.45e-11
1.29e-11
3.47e-11
1.16e-11
1.34e-11
5.93e-11
6.92e-11
2.84e-11
7.35e-11
1.946e-10
1.17e-10
6.46e-11
2.85e-11
9.2e-12
2.9e-12
1.3e-12
1.8e-12
1.3e-12
4.7e-12
1.25e-11
3.4e-12
1.2e-12
5.55e-11
5.4e-11
6.27e-11
4.3e-12
3.33e-11
8e-12
2.76e-11
8.95e-11
1.693e-10
1.978e-10
2.122e-10
2.767e-10
1.772e-10
2.77e-11
1.49e-11
7.2e-12
5.3e-12
4.2e-12
2e-13
0.0
2.6e-12
9.6e-12
1e-13
0.0
9.99999999999e-14
2e-13
1e-12
4e-13
0.0
0.0
0.0
2.5e-12
4.8e-12
5.97e-11
1.295e-10
1.296e-10
6.2e-11
2.21e-11
2e-13
0.0
0.0
8e-13
0.0
0.0
9e-13
2.6e-12
1.4e-12
4.9e-12
1.17e-11
7.8e-12
1.17e-11
5.97e-11
1.043e-10
1.07e-10
5.69e-11
6.41e-11
1.207e-10
1.413e-10
1.809e-10
1.916e-10
1.577e-10
3.64e-11
1.24e-11
5.7e-12
0.0
0.0
0.0
0.0
0.0
9e-13
3.6e-12
7e-12
1.86e-11
1.06e-11
7.7e-12
7.1e-12
7.4e-12
1.26e-11
9.3e-12
1.17e-11
9.7e-12
9.2e-12
1.09e-10
1.908e-10
1.878e-10
1.585e-10
1.74e-11
1.2e-12
1e-12
8e-13
8e-13
2e-13
3e-13
2.1e-12
1.7e-12
0.0
1.14e-11
1.43e-11
8.8e-12
1.01e-11
1.6e-11
7.5e-12
2.1e-12
4.73e-11
8.83e-11
1.018e-10
1.582e-10
2.425e-10
1.953e-10
1.303e-10
3.2e-11
7e-13
8e-13
3e-13
0.0
0.0
0.0
8.4e-12
2.4e-12
4.6e-12
7.6e-12
1.99e-11
6.16e-11
2.42e-11
2.83e-11
4.7e-11
1.32e-11
5.6e-12
9.3e-12
2.33e-11
1.242e-10
2.069e-10
1.663e-10
1.299e-10
1.51e-11
1.41e-11
7.1e-12
1.57e-11
1.24e-11
1.14e-11
1.02e-11
1.41e-11
1.24e-11
1.2e-11
8.5e-12
7.4e-12
1.18e-11
1.27e-11
8.6e-12
1.3e-11
3.5e-12
2.7e-12
0.0
0.0
0.0
0.0
0.0
0.0
0.0
0.0
0.0
0.0
0.0
0.0
0.0
0.0
0.0
0.0
0.0
0.0
0.0
0.0
0.0
0.0
0.0
0.0
0.0
0.0
0.0
0.0
0.0
0.0
0.0
0.0
0.0
0.0
0.0
0.0
0.0
0.0
0.0
0.0
0.0
0.0
0.0
0.0
0.0
0.0
0.0
0.0
0.0
0.0
0.0
0.0
0.0
0.0
0.0
0.0
0.0
0.0
0.0
0.0
0.0
0.0
0.0
0.0
0.0
0.0
0.0
0.0
0.0
0.0
0.0
0.0
0.0
0.0
0.0
0.0
0.0
0.0
0.0
0.0
0.0
0.0
0.0
0.0
0.0
0.0
0.0
0.0
0.0
0.0
0.0
0.0
0.0
0.0
0.0
0.0
0.0
0.0
0.0
0.0
0.0
0.0
0.0
0.0
0.0
0.0
0.0
0.0
0.0
0.0
0.0
0.0
0.0
0.0
0.0
0.0
0.0
0.0
0.0
0.0
0.0
0.0
0.0
0.0
0.0
0.0
0.0
0.0
0.0
0.0
0.0
0.0
0.0
0.0
0.0
0.0
0.0
0.0
0.0
0.0
0.0
0.0
0.0
0.0
0.0
0.0
0.0
0.0
0.0
0.0
0.0
0.0
0.0
0.0
0.0
0.0
0.0
0.0
0.0
0.0
0.0
0.0
0.0
0.0
0.0
0.0
0.0
0.0
0.0
0.0
0.0
0.0
0.0
0.0
0.0
0.0
0.0
0.0
0.0
0.0
0.0
0.0
0.0
0.0
0.0
0.0
0.0
0.0
0.0
0.0
0.0
0.0
0.0
0.0
0.0
0.0
0.0
0.0
0.0
0.0
0.0
0.0
0.0
0.0
0.0
0.0
0.0
0.0
0.0
0.0
0.0
0.0
0.0
0.0
0.0
0.0
0.0
0.0
0.0
1.126e-10
1.674e-10
5.34e-11
1.1e-11
1.7e-12
1.7e-12
1.8e-12
3.4e-12
3.8e-12
4.9e-12
6.4e-12
1.07e-11
6.1e-12
8.6e-12
8.1e-12
1.67e-11
1.04e-11
1.07e-11
3.9e-12
2.9e-12
1.02e-11
4.26e-11
4.78e-11
5e-12
8.48e-11
4.32e-11
2.65e-11
2.32e-11
1e-12
9e-13
9e-13
7e-13
3e-13
3e-13
3.7e-12
3e-12
1e-12
5.6e-12
2.7e-12
5.9e-12
4.7e-12
9.3e-12
3.17e-11
7.03e-11
3.69e-11
4.5e-11
1.262e-10
2.394e-10
2.494e-10
1.562e-10
7.9e-11
1.2e-11
4.3e-12
1.8e-12
7e-13
8e-13
2e-12
7e-12
6.7e-12
3e-12
2.7e-12
6.9e-12
1.29e-11
2.2e-11
4.13e-11
9e-12
1.34e-11
2.28e-11
2.85e-11
6.68e-11
8.14e-11
1.949e-10
2.983e-10
2.757e-10
1.563e-10
9.92e-11
2.86e-11
3.9e-12
5.1e-12
0.0
0.0
4e-13
5.5e-12
6.8e-12
0.0
7e-13
1.69e-11
4.8e-11
3.85e-11
9.45e-11
4.83e-11
1.29e-11
2.29e-11
6.73e-11
1.162e-10
1.267e-10
1.627e-10
2.106e-10
1.825e-10
1.009e-10
5.4e-12
5e-13
0.0
0.0
0.0
3e-13
6.9e-12
8.6e-12
8.2e-12
5.19e-11
2.52e-11
6.02e-11
4.2e-11
8.7e-12
1.91e-11
1e-11
8e-13
5.3e-12
2.5e-11
4.87e-11
2.183e-10
2.197e-10
1.686e-10
1.91e-11
0.0
0.0
0.0
1e-13
0.0
0.0
3.5e-12
1e-11
6.6e-12
1.13e-11
9.7e-12
1.11e-11
7.5e-12
5.5e-12
5.1e-12
4.76e-11
1.213e-10
1.509e-10
1.39e-10
1.425e-10
2.384e-10
2.395e-10
4.54e-11
1.41e-11
3e-13
0.0
0.0
0.0
0.0
0.0
3.5e-12
5.5e-12
0.0
0.0
1.5e-12
2.3e-12
1.9e-12
1.6e-12
1.8e-12
1.9e-12
9e-13
2.81e-11
8.38e-11
1.361e-10
1.867e-10
2.287e-10
1.861e-10
6.7e-11
5.1e-12
2e-13
1e-13
2.5e-12
3.3e-12
2.1e-12
1.19e-11
1.34e-11
2e-12
1.6e-12
1.7e-12
5.2e-12
1.36e-11
8.6e-12
1.6e-11
7.8e-12
1.12e-11
1.35e-11
9.5e-12
4.76e-11
1.717e-10
2.076e-10
9.2e-11
2e-11
2.1e-12
4e-13
4e-13
3.5e-12
3e-13
0.0
9.5e-12
1.04e-11
5.7e-12
7.7e-12
6.5e-12
1.38e-11
7.35e-11
1.072e-10
5.88e-11
2.7e-12
4.3e-12
4e-12
2.8e-12
6.84e-11
1.475e-10
1.47e-10
1.446e-10
8.89e-11
4.4e-12
1e-13
0.0
2e-13
1e-13
0.0
9.3e-12
1.06e-11
2.9e-12
1.04e-11
1.8e-11
2.02e-11
1.37e-11
1.12e-11
4.25e-11
9.6e-12
1.54e-11
2.38e-11
2.88e-11
1.293e-10
1.589e-10
1.864e-10
1.018e-10
1.93e-11
4.6e-12
3.5e-12
1e-12
1e-12
1.4e-12
9e-13
3e-12
8.2e-12
2e-13
1.5e-12
9.5e-12
1.31e-11
3.2e-11
2.94e-11
2.6e-11
9.2e-12
2.1e-11
6.53e-11
3.07e-11
1.57e-11
1.526e-10
2.507e-10
1.598e-10
4.4e-11
4.7e-12
2.1e-12
2.3e-12
7e-13
0.0
0.0
0.0
2.4e-12
8.5e-12
4.2e-12
1.55e-11
6.84e-11
2.7e-11
3.27e-11
1e-11
1.37e-11
3.38e-11
5.17e-11
2.03e-11
6.01e-11
1.287e-10
5.45e-11
3.98e-11
1.31e-11
5.5e-12
3e-12
2.8e-12
4e-12
2.7e-12
1.3e-12
1.6e-12
2.07e-11
9e-12
2.29e-11
2.16e-11
2.85e-11
5.48e-11
6.85e-11
6.11e-11
4.47e-11
2.65e-11
6.39e-11
4.01e-11
1.79e-11
1.253e-10
2.185e-10
1.049e-10
4.46e-11
1.55e-11
1.04e-11
9.9e-12
9.1e-12
9.5e-12
9.3e-12
1.47e-11
1.24e-11
5.6e-12
1.03e-11
9.5e-12
8.8e-12
2.35e-11
5.18e-11
2.29e-11
1.46e-11
2.05e-11
3.86e-11
6.5e-11
5.21e-11
1.065e-10
1.652e-10
8.53e-11
3.98e-11
2.03e-11
1.32e-11
1.05e-11
8.8e-12
8.7e-12
9.4e-12
1.41e-11
1.13e-11
2.04e-11
5.3e-11
3.31e-11
3.2e-11
7.9e-12
1.01e-11
1.46e-11
2.43e-11
1.45e-11
1.81e-11
1.54e-11
3.6e-12
0.0
0.0
0.0
0.0
0.0
0.0
0.0
0.0
0.0
0.0
0.0
0.0
0.0
0.0
0.0
0.0
0.0
0.0
0.0
0.0
0.0
0.0
0.0
0.0
0.0
0.0
0.0
0.0
0.0
0.0
0.0
0.0
0.0
0.0
0.0
0.0
0.0
0.0
0.0
0.0
0.0
2.2e-12
1.18e-11
1.4e-11
1.72e-11
1.97e-11
9.67e-11
1.688e-10
2.39e-10
2.647e-10
1.413e-10
2.8e-11
1.9e-11
1.36e-11
1.14e-11
1.24e-11
1.02e-11
8.1e-12
4e-12
5.9e-12
5.9e-12
3.7e-12
8.6e-12
8e-12
1.36e-11
5.27e-11
2.16e-11
1.04e-11
4.7e-12
3e-11
4.21e-11
4.01e-11
9.63e-11
1.419e-10
5.32e-11
3.75e-11
1.15e-11
1.03e-11
1.05e-11
1.04e-11
1.14e-11
1.02e-11
2.7e-12
2.6e-12
9.1e-12
1.45e-11
1.51e-11
8.6e-12
9.4e-12
1.75e-11
2.46e-11
6.08e-11
2.45e-11
2.58e-11
2.54e-11
7.32e-11
1.232e-10
1.949e-10
2.095e-10
7.26e-11
2.47e-11
1.13e-11
1.02e-11
1.03e-11
1.01e-11
1e-11
1.36e-11
2.08e-11
5.39e-11
6.45e-11
2.66e-11
7.89e-11
5.06e-11
4.3e-12
1.69e-11
3.78e-11
1.338e-10
2.017e-10
2.712e-10
2.503e-10
3.269e-10
3.482e-10
2.235e-10
6.55e-11
1.6e-11
1.27e-11
1.21e-11
1.03e-11
1.5e-12
1.5e-12
6.9e-12
9.4e-12
3.8e-12
9.6e-12
1.16e-11
1.48e-11
4.12e-11
5.26e-11
3.35e-11
1.3e-11
9.8e-12
1.06e-11
4.83e-11
9.15e-11
1.929e-10
2.477e-10
1.808e-10
1.373e-10
7.5e-11
9.7e-12
8.6e-12
2.8e-12
0.0
0.0
1.3e-12
2.9e-12
6e-13
3.38e-11
3.52e-11
5.61e-11
1.01e-10
6.4e-11
7.8e-12
1.2e-11
1.23e-11
3.1e-12
3.6e-12
1.54e-11
1.641e-10
2.392e-10
1.949e-10
6.95e-11
1.34e-11
1.3e-11
9.6e-12
1.05e-11
9.2e-12
1.23e-11
1.06e-11
2.47e-11
1.42e-11
1.34e-11
1.77e-11
2.16e-11
1.81e-11
5.31e-11
1.84e-11
8.7e-12
9.5e-12
9.7e-12
9.4e-12
1.64e-11
9.25e-11
2.373e-10
2.622e-10
1.612e-10
2.86e-11
1.16e-11
1.01e-11
1.08e-11
1.88e-11
2.25e-11
9.5e-12
2.22e-11
6.5e-12
1.14e-11
3.3e-12
7e-13
6e-13
2.4e-12
4.8e-12
3.3e-12
6.5e-12
7.4e-12
2.2e-12
4.63e-11
1.401e-10
2.645e-10
2.593e-10
8.51e-11
2.24e-11
1.96e-11
1.75e-11
1.41e-11
1.63e-11
1.71e-11
1.54e-11
2.49e-11
1.12e-11
1.77e-11
3.34e-11
3.05e-11
9.83e-11
4.22e-11
1.62e-11
1.28e-11
1.3e-12
1.13e-11
8.7e-12
1.36e-11
2.7e-11
1.387e-10
1.311e-10
1.421e-10
5.96e-11
1.84e-11
1.54e-11
1.45e-11
1.47e-11
1.59e-11
2.15e-11
3.46e-11
1.44e-11
7e-12
3.5e-12
1.12e-11
1.27e-11
3.71e-11
5.47e-11
9.98e-11
9.63e-11
4.87e-11
9.1e-12
2.46e-11
8.31e-11
1.741e-10
1.907e-10
6.96e-11
2.5e-11
1.35e-11
1.2e-11
1.08e-11
1.56e-11
1.41e-11
1.19e-11
1.54e-11
1.42e-11
1.54e-11
7.77e-11
1.06e-10
4.11e-11
5.31e-11
6e-12
6.2e-12
1.83e-11
2.4e-11
7.2e-12
8.79e-11
1.942e-10
2.665e-10
2.362e-10
5.09e-11
1.91e-11
1.13e-11
1.01e-11
1.22e-11
1e-11
9.2e-12
7.5e-12
1.77e-11
9.2e-12
1.67e-11
1.24e-11
9.5e-12
1.85e-11
8.01e-11
1.4e-12
3.1e-12
2.3e-12
1.07e-11
1.04e-11
8.03e-11
1.733e-10
2.616e-10
2.634e-10
6.64e-11
1.86e-11
1.01e-11
9.6e-12
1.39e-11
1.37e-11
1.16e-11
6.7e-12
1.46e-11
3.5e-12
3.9e-12
6.2e-12
7e-12
1e-11
7e-12
9.7e-12
2.46e-11
8.29e-11
1.101e-10
1.37e-10
9.9e-12
6.11e-11
2.484e-10
2.227e-10
2.175e-10
2.65e-11
1.83e-11
1.53e-11
1.02e-11
7.4e-12
7.8e-12
9.7e-12
1.82e-11
1.02e-11
8.6e-12
1.4e-11
1.57e-11
1.36e-11
3.38e-11
6.71e-11
1.95e-11
1.88e-11
3.56e-11
8.39e-11
1.54e-10
1.702e-10
2.395e-10
2.54e-10
8.66e-11
1.98e-11
1.57e-11
1.54e-11
1.46e-11
7.7e-12
6.8e-12
5.9e-12
1.94e-11
1.4e-11
1.6e-11
6.3e-12
6.6e-12
8.6e-12
7.4e-12
2.96e-11
4.25e-11
2.36e-11
9.31e-11
1.539e-10
1.657e-10
1.609e-10
1.75e-10
1.291e-10
7.11e-11
3.99e-11
2.12e-11
1.5e-11
1.45e-11
1.47e-11
1.47e-11
2.31e-11
2.38e-11
1.15e-11
1.62e-11
4.49e-11
2.58e-11
4.6e-12
1.09e-11
5.5e-12
1.62e-11
4.2e-12
3e-13
2.6e-12
4.18e-11
1.048e-10
2.412e-10
2.475e-10
1.551e-10
2.16e-11
1.08e-11
9.7e-12
8.3e-12
8.4e-12
8.5e-12
8.5e-12
9.3e-12
3e-12
1.29e-11
2.33e-11
2.99e-11
2.97e-11
9.74e-11
7.39e-11
4.16e-11
1.39e-11
3.9e-11
5.94e-11
1.392e-10
3.222e-10
3.484e-10
2.723e-10
1.383e-10
3.46e-11
1.63e-11
1.16e-11
1.09e-11
1.32e-11
1.35e-11
1.02e-11
1.64e-11
7.5e-12
9.8e-12
4.3e-11
4.78e-11
6.53e-11
3.45e-11
6.86e-11
8.08e-11
6.81e-11
3.62e-11
5.04e-11
1.497e-10
2.609e-10
3.698e-10
2.953e-10
1.369e-10
1.41e-11
8.4e-12
8.6e-12
8.5e-12
8.6e-12
8.7e-12
1.59e-11
5.97e-11
2.91e-11
2.05e-11
1.93e-11
2.12e-11
1.28e-11
5.39e-11
1.19e-11
1.726e-10
1.966e-10
1.832e-10
1.059e-10
8.96e-11
1.861e-10
4.341e-10
2.912e-10
2.232e-10
4.58e-11
2.61e-11
2.66e-11
2.2e-11
1.7e-11
1.64e-11
1.8e-11
2.85e-11
1.06e-11
3.87e-11
1.97e-11
1.66e-11
1.46e-11
1.65e-11
2.04e-11
3.39e-11
9.8e-12
7.71e-11
1.793e-10
2.747e-10
2.701e-10
2.71e-10
2.745e-10
2.424e-10
1.215e-10
4.02e-11
4.28e-11
4.27e-11
1.24e-11
4.8e-12
3.3e-12
1.57e-11
7.9e-12
2.08e-11
2.44e-11
8.8e-12
1.22e-11
1.46e-11
3.53e-11
1.37e-11
4.92e-11
1.416e-10
1.411e-10
1.291e-10
1.79e-10
2.486e-10
2.569e-10
1.057e-10
3.62e-11
3.98e-11
3.08e-11
2.93e-11
3.03e-11
3.07e-11
2.74e-11
4.34e-11
3.42e-11
3.11e-11
1.29e-11
8e-12
7.2e-12
1.99e-11
1.47e-11
6.6e-12
7.5e-12
1.12e-11
1.26e-11
6.46e-11
1.431e-10
1.455e-10
5.26e-11
3.09e-11
1.53e-11
4e-13
7.9e-12
7.5e-12
7.8e-12
1.63e-11
1.37e-11
1.3e-11
5e-13
1.71e-11
4.5e-12
3.27e-11
1.18e-11
8.8e-12
1.08e-11
9.1e-12
1e-12
1.1e-12
1.02e-11
1.13e-11
3.67e-11
1.412e-10
1.346e-10
5.12e-11
1.6e-11
6.2e-12
2.3e-12
6.4e-12
9.8e-12
1.38e-11
1.04e-11
1.98e-11
1.54e-11
1.45e-11
1.18e-11
1.14e-11
1.25e-11
3.1e-12
6.3e-12
8.2e-12
3.8e-12
1.5e-12
1.5e-12
1.15e-11
1.88e-11
4.35e-11
4.23e-11
3.48e-11
2.65e-11
1.09e-11
9.2e-12
8.6e-12
8.6e-12
8.4e-12
8.6e-12
1.52e-11
7.7e-12
1.02e-11
1.51e-11
9.7e-12
1.1e-11
1.34e-11
7.96e-11
1.002e-10
4.74e-11
7.3e-12
8.5e-12
1.13e-11
9e-11
1.517e-10
1.305e-10
2.71e-11
1.12e-11
9.7e-12
1e-11
2.9e-12
0.0
2.3e-12
2.05e-11
2.81e-11
1.37e-11
1.59e-11
1.34e-11
1.09e-11
3.6e-12
3.1e-12
3e-12
4.5e-12
7e-12
1.25e-11
9e-12
8.37e-11
1.167e-10
1.56e-10
0.0
5.67e-11
1.53e-11
1.48e-11
1.79e-11
1.09e-11
7.8e-12
4.6e-12
7.9e-12
5.1e-12
8.6e-12
1.09e-11
2.54e-11
2.95e-11
3.1e-12
5.3e-12
6.2e-12
5.2e-12
1.1e-12
2.28e-11
1.452e-10
1.922e-10
1.338e-10
1.712e-10
1.569e-10
1.258e-10
2.71e-11
1.22e-11
1.06e-11
9.4e-12
8.9e-12
8.8e-12
1.08e-11
1.31e-11
1.51e-11
6.6e-12
1.71e-11
8.7e-12
1.08e-11
8.5e-12
5.5e-12
5.8e-12
6.1e-12
4.1e-12
6e-12
6.8e-12
5.9e-12
1.391e-10
1.336e-10
3.52e-11
1.82e-11
1.28e-11
6.9e-12
9e-13
7e-13
7.1e-12
1.04e-11
1.84e-11
2.7e-11
1.84e-11
8.8e-12
8e-13
7e-13
2.2e-12
8.3e-12
1.34e-11
8.1e-12
8.7e-12
1.07e-11
1.06e-11
2.13e-11
1.07e-10
5.46e-11
3.14e-11
1.31e-11
1.2e-11
1.06e-11
8.5e-12
8.4e-12
1.12e-11
8.4e-12
2.51e-11
2.55e-11
2.36e-11
2.23e-11
3.07e-11
3.58e-11
2.72e-11
3.1e-11
1.98e-11
5.7e-12
6.2e-12
3.4e-12
3.8e-12
2.5e-12
1.091e-10
1.439e-10
4.32e-11
5.9e-12
8.9e-12
1.36e-11
4e-12
2e-12
7e-13
3e-13
4.6e-12
5.6e-12
6.9e-12
7.8e-12
8.2e-12
9.3e-12
9.6e-12
7.2e-12
5e-12
4.2e-12
3.47e-11
8.6e-12
2.16e-11
3.24e-11
1.633e-10
1.022e-10
3.47e-11
4.8e-12
2.1e-12
1e-12
3e-13
1e-13
9.99999999999e-14
1e-13
2.4e-12
5.9e-12
8.1e-12
4.39e-11
3.54e-11
5.14e-11
3.78e-11
2.8e-12
4.7e-12
1.37e-11
4.31e-11
4.02e-11
1.348e-10
1.58e-10
1.524e-10
1.04e-10
4.08e-11
1.89e-11
1.89e-11
1.74e-11
1.72e-11
1.71e-11
1.72e-11
1.89e-11
2.56e-11
1.8e-11
1.02e-11
7.9e-12
2.7e-12
9e-13
1.3e-12
6.6e-12
5.2e-12
1.19e-11
1.14e-11
6e-12
5.9e-12
1.03e-10
1.934e-10
1.001e-10
5.63e-11
3.13e-11
1.88e-11
1.25e-11
1.03e-11
1.02e-11
9.1e-12
8.8e-12
1.52e-11
5.03e-11
1.68e-11
7.2e-12
1.3e-12
9e-13
2.3e-12
8e-13
0.0
3.8e-12
1.37e-11
1.58e-11
4.83e-11
4.68e-11
4.55e-11
5.57e-11
3.81e-11
3.04e-11
2.77e-11
1.88e-11
1.24e-11
1.22e-11
1.27e-11
1.6e-11
1.55e-11
5.95e-11
1.45e-11
4.2e-12
1.46e-11
1.24e-11
1.03e-11
7.5e-12
8e-13
2.9e-12
1e-12
2.6e-12
6.41e-11
6.11e-11
4.66e-11
6.17e-11
5.65e-11
2.72e-11
1.2e-11
1.13e-11
1.29e-11
1.3e-11
1.39e-11
2.7e-12
1.28e-11
1.25e-11
1.2e-11
1.94e-11
2.05e-11
1.79e-11
1.08e-11
1.22e-11
1.49e-11
1.3e-11
1.07e-11
9.7e-12
1.95e-11
1.108e-10
2.071e-10
9.63e-11
1.001e-10
4.33e-11
1.76e-11
1.49e-11
1.12e-11
1.13e-11
1.14e-11
1.05e-11
1.21e-11
1.03e-11
7.1e-12
8.1e-12
1.66e-11
1.1e-11
6.5e-12
3.5e-12
4e-13
1.1e-12
6.6e-12
8.3e-12
1.9e-12
3.8e-12
3.44e-11
4.65e-11
5.03e-11
4.26e-11
4.69e-11
8.6e-12
3.3e-12
8e-13
8e-13
5e-13
1.93e-11
8.8e-12
8.2e-12
2.2e-11
7.8e-12
1.06e-11
7.1e-12
1.17e-11
4.67e-11
1.99e-11
9.5e-12
1.55e-11
4.28e-11
8.92e-11
1.955e-10
2.028e-10
6.09e-11
1.9e-11
6.8e-12
1.8e-12
1.2e-12
2.8e-12
1.22e-11
1.22e-11
1.35e-11
5.9e-12
5.2e-12
9.6e-12
1.45e-11
2.15e-11
2.27e-11
2.15e-11
2.32e-11
4.78e-11
3.13e-11
1.5e-12
1.75e-11
1.523e-10
1.78e-10
1.715e-10
1.402e-10
1.091e-10
3.63e-11
2.81e-11
2.4e-12
1.6e-12
1.1e-12
6e-13
1.47e-11
2.34e-11
2.3e-12
1.1e-12
1.08e-11
1.62e-11
2e-11
1.29e-11
9.3e-12
1.19e-11
9.6e-12
8.4e-12
1.2e-11
3.52e-11
1.483e-10
1.463e-10
9.33e-11
3.2e-11
6.5e-12
5.5e-12
4.9e-12
4.6e-12
3.7e-12
6.2e-12
9.4e-12
6e-13
7.2e-12
1.35e-11
1.01e-11
7.3e-12
4.8e-12
3.8e-12
8.1e-12
5.3e-12
8.4e-12
1.56e-11
1.45e-11
9.9e-12
7.52e-11
1.842e-10
7.58e-11
1.27e-11
1e-12
1e-13
7e-13
0.0
3e-13
8e-13
1.29e-11
1.7e-12
2.2e-12
2.5e-12
4.9e-12
1.26e-11
1.45e-11
1.2e-11
4.9e-12
7.6e-12
8.6e-12
6.5e-12
3.14e-11
5.17e-11
1.99e-10
1.707e-10
1.525e-10
3.75e-11
3e-11
7.7e-12
1.4e-12
1.3e-12
1.7e-12
3e-13
6.1e-12
1.02e-11
1.18e-11
6.7e-12
7.5e-12
7.4e-12
8.1e-12
1.36e-11
1.72e-11
1.47e-11
8.4e-12
3.2e-12
1.15e-11
5.6e-12
0.0
0.0
0.0
0.0
0.0
0.0
0.0
0.0
0.0
0.0
0.0
0.0
0.0
0.0
0.0
0.0
0.0
0.0
0.0
0.0
1.2e-12
6.3e-12
4.9e-12
7.7e-12
5.19e-11
1.124e-10
3.87e-11
1.23e-11
1.9e-12
1.8e-12
2.6e-12
9e-13
1e-13
0.0
2.3e-12
2.7e-12
7.8e-12
1.64e-11
8.84e-11
7.67e-11
3.03e-11
4.5e-11
1.8e-11
1.73e-11
2.48e-11
4.97e-11
5.32e-11
3.04e-11
1.016e-10
1.537e-10
1.146e-10
2.5e-11
3.1e-12
1.39e-11
1.74e-11
1.61e-11
1.07e-11
8.5e-12
1.28e-11
9.2e-12
1.51e-11
5.81e-11
1.59e-11
4.81e-11
5.6e-11
6.07e-11
7.06e-11
1.4e-12
1.88e-11
5.51e-11
3.28e-11
1.01e-11
3e-11
9.48e-11
1.892e-10
1.802e-10
3.71e-11
2.4e-12
9e-13
1e-13
0.0
0.0
6.6e-12
9.6e-12
0.0
4.1e-12
4.5e-12
3.1e-12
1.9e-12
3.1e-12
1.8e-12
1e-12
2.76e-11
9.1e-12
7e-12
3.5e-12
2.63e-11
1.309e-10
5.6e-11
3.83e-11
1.78e-11
1.28e-11
2.4e-12
1.6e-12
1.1e-12
3e-13
1e-12
7e-12
6.5e-12
6.7e-12
1.08e-11
3.53e-11
7.04e-11
2.6e-12
6.4e-12
2.27e-11
4e-11
4.8e-12
2.2e-12
7.01e-11
1.968e-10
1.421e-10
1.387e-10
1.227e-10
6.02e-11
2.09e-11
3.4e-12
0.0
0.0
4e-13
6.8e-12
3e-12
4.2e-12
1.3e-12
1.6e-12
3.8e-12
8e-12
1.87e-11
1.37e-11
1.09e-11
1.32e-11
2.27e-11
1.8e-11
2.2e-11
6.04e-11
5.43e-11
4.14e-11
2.52e-11
1.04e-11
9.8e-12
9.2e-12
3.5e-12
0.0
0.0
2.2e-12
1.19e-11
0.0
3.3e-12
1e-13
5e-13
0.0
0.0
3.4e-12
4.4e-12
1e-13
2.7e-12
8.6e-12
5.7e-12
3.51e-11
5.28e-11
7.29e-11
1.98e-11
8.8e-12
0.0
0.0
9e-13
0.0
3.3e-12
1.48e-11
7.8e-12
1.06e-11
1.25e-11
1.29e-11
1.22e-11
5.9e-12
5.2e-12
4.7e-12
3.4e-12
2.4e-12
9e-13
1.8e-12
5e-12
4.04e-11
1.387e-10
9.04e-11
2.84e-11
1.86e-11
1.5e-11
1.41e-11
1.29e-11
0.0
0.0
1.16e-11
4.7e-12
1.49e-11
1.21e-11
1e-11
1.24e-11
1.82e-11
1.08e-11
4.7e-12
1.5e-12
2.55e-11
8.68e-11
1.289e-10
2.039e-10
1.887e-10
1.638e-10
3.51e-11
6.7e-12
0.0
9e-13
0.0
0.0
0.0
0.0
2.3e-12
1.36e-11
1.9e-12
4.3e-12
1.33e-11
4.85e-11
8.11e-11
1.001e-10
1.77e-11
3.6e-12
1.86e-11
2.35e-11
1.46e-11
2.13e-11
8.6e-11
7.01e-11
5.19e-11
2.35e-11
1.39e-11
1.28e-11
8.1e-12
1e-12
1e-13
9.99999999999e-14
6.2e-12
3.1e-12
2.2e-12
6.2e-12
1.52e-11
1.57e-11
9.8e-12
8.5e-12
1.25e-11
1.88e-11
1.36e-11
1.09e-11
2.97e-11
6.42e-11
1.924e-10
2.882e-10
1.88e-10
1.465e-10
5.45e-11
7.1e-12
3.8e-12
3.7e-12
5.5e-12
3.6e-12
7e-12
9.9e-12
2.2e-12
4.1e-12
2.2e-12
9e-13
4.1e-12
1.65e-11
1.27e-11
2.42e-11
8.7e-12
8.7e-12
5.02e-11
1.198e-10
1.915e-10
2.069e-10
2.504e-10
1.789e-10
8.7e-11
8.4e-11
4.1e-12
2e-12
6e-13
1e-13
0.0
2.9e-12
6e-12
1.4e-12
0.0
0.0
1e-12
2.6e-12
7.7e-12
8.1e-12
5.1e-12
3.5e-12
2.1e-12
0.0
0.0
0.0
0.0
0.0
0.0
0.0
0.0
0.0
0.0
0.0
0.0
0.0
0.0
0.0
0.0
6e-13
6.5e-12
4.3e-12
1.15e-11
8.5e-12
1.34e-11
2.79e-11
2.2e-11
4.19e-11
1.366e-10
2.225e-10
1.977e-10
1.131e-10
5.86e-11
9.9e-12
9.2e-12
8.4e-12
8.5e-12
5e-12
6.8e-12
2e-11
1.36e-11
2.5e-12
3.1e-12
1.9e-12
0.0
3.9e-12
7.3e-12
3.5e-12
3.8e-12
5e-13
7e-13
0.0
1.77e-11
5.77e-11
4.31e-11
3.7e-11
1.55e-11
9.7e-12
8.8e-12
5.3e-12
0.0
0.0
0.0
7.7e-12
7.8e-12
1.4e-12
1e-12
5.7e-12
7.1e-12
1.08e-11
7.9e-12
4.5e-12
0.0
2.7e-12
1.7e-11
4.41e-11
1.131e-10
1.18e-10
5.3e-11
3.52e-11
1.32e-11
8.4e-12
8.2e-12
8.3e-12
8.3e-12
8.2e-12
1.04e-11
5.2e-12
0.0
6.5e-12
4.66e-11
4.96e-11
4.26e-11
2.74e-11
2.4e-11
1.69e-11
3.08e-11
9.15e-11
1.362e-10
9.28e-11
1.282e-10
2.237e-10
9.53e-11
4.69e-11
2.56e-11
2.54e-11
2.85e-11
2.81e-11
2.78e-11
2.76e-11
1.81e-11
4.24e-11
3.56e-11
4.9e-11
3.27e-11
2.2e-12
2.2e-12
1.4e-12
2.5e-12
5.6e-12
4.4e-12
9e-13
1.87e-11
1.215e-10
1.777e-10
2.232e-10
1.279e-10
4.18e-11
2.49e-11
1.6e-11
1.61e-11
1.86e-11
1.82e-11
1.82e-11
2.01e-11
2.02e-11
5.6e-12
2.75e-11
6.62e-11
7.38e-11
4.68e-11
4.31e-11
5.48e-11
5.1e-11
0.0
1.13e-11
3.76e-11
4.87e-11
6.12e-11
1.059e-10
7.84e-11
4.71e-11
1.91e-11
2e-11
2.55e-11
2.74e-11
3.12e-11
1.92e-11
2.13e-11
2.13e-11
1.23e-11
7e-13
1e-13
0.0
3.7e-12
7e-12
4.35e-11
5.31e-11
2.73e-11
3.72e-11
4.92e-11
4.51e-11
7.93e-11
1.503e-10
8.1e-11
3.45e-11
1.34e-11
1.19e-11
1.09e-11
2.2e-12
1.8e-12
1.2e-12
1.68e-11
1.59e-11
1e-11
8.2e-12
9e-12
3.4e-12
2.8e-12
3e-12
9.3e-12
6.8e-12
8.2e-12
5.3e-12
1.39e-11
3.1e-11
4.15e-11
7.8e-11
5.6e-11
4.56e-11
2.61e-11
2.52e-11
1.4e-11
1.37e-11
1.31e-11
8.9e-12
0.0
1.35e-11
6.2e-12
6.9e-12
1.11e-11
1.35e-11
1.71e-11
3.53e-11
8e-12
3.9e-12
4.1e-12
9.1e-12
4.4e-12
1.02e-11
7.76e-11
8.09e-11
3.93e-11
3.17e-11
1.02e-11
1e-11
9.5e-12
4.3e-12
0.0
2e-13
3.4e-12
1.38e-11
1.01e-11
1.16e-11
9e-12
7.5e-12
7.7e-12
1.17e-11
5.3e-12
3.21e-11
8.8e-12
5.2e-12
5.6e-12
3.37e-11
1.112e-10
1.534e-10
1.069e-10
2.33e-11
6e-13
0.0
0.0
0.0
0.0
0.0
0.0
4e-12
6.3e-12
1.02e-11
8.7e-12
1.59e-11
3.92e-11
3.36e-11
9.8e-12
3.29e-11
1.05e-10
1.527e-10
1.616e-10
1.454e-10
1.486e-10
8.51e-11
1.442e-10
5.83e-11
3.19e-11
3.06e-11
2.41e-11
2.35e-11
2.4e-11
2.4e-11
1.35e-11
7.4e-12
5.7e-12
6.1e-12
1.59e-11
1.16e-11
3.51e-11
4.99e-11
1.89e-11
1.048e-10
1.112e-10
1.128e-10
3.77e-11
6.7e-12
4.62e-11
8.64e-11
1.262e-10
8.15e-11
5e-13
1e-13
1e-13
1e-13
4e-13
2e-13
7.9e-12
2e-11
2.06e-11
2e-11
7.2e-12
4e-13
2.7e-12
4.7e-12
4.2e-12
1.1e-12
4.6e-12
4.38e-11
1.01e-10
3.97e-11
9.22e-11
1.347e-10
1.445e-10
5.86e-11
1.44e-11
7.4e-12
7.6e-12
7.6e-12
7.6e-12
7.5e-12
1.26e-11
3.03e-11
1.93e-11
9e-13
3.6e-12
4.9e-12
5.9e-12
9.1e-12
4.2e-12
3.6e-12
2e-12
1e-12
1.8e-11
2.82e-11
4.98e-11
1.985e-10
2.266e-10
7.54e-11
6.5e-12
0.0
0.0
0.0
0.0
0.0
7e-13
1.14e-11
3.19e-11
1.05e-11
3.3e-12
4.5e-12
7e-12
5.5e-12
3.8e-12
3.9e-12
3e-12
2.4e-12
2.45e-11
7.56e-11
1.398e-10
2.125e-10
2.02e-11
2.56e-11
8.9e-12
7.4e-12
1.84e-11
1.68e-11
1.49e-11
1.13e-11
1.12e-11
1.72e-11
1.63e-11
2.4e-12
2.9e-12
3.7e-12
9e-13
3.6e-12
4.3e-12
4.5e-12
9e-13
5e-12
1.6e-12
4.6e-12
8.15e-11
2.152e-10
2.481e-10
1.732e-10
7.88e-11
2.19e-11
0.0
2e-13
0.0
2e-13
2.5e-12
1.96e-11
4.7e-12
4.8e-12
6.8e-12
4.6e-12
3e-13
7.1e-12
1.56e-11
1.13e-11
1.71e-11
1.9e-12
5.3e-12
2.52e-11
9.08e-11
1.512e-10
1.615e-10
1.402e-10
9.73e-11
4.15e-11
1.31e-11
9.5e-12
8.1e-12
8.6e-12
7.7e-12
1.53e-11
9.8e-12
1.87e-11
1.67e-11
1.39e-11
7.4e-12
8.8e-12
2.6e-12
8.9e-12
7.9e-12
1.51e-11
3.58e-11
9.15e-11
1.32e-10
2.407e-10
1.962e-10
1.351e-10
1.31e-11
4.5e-12
4.2e-12
4.2e-12
1e-13
0.0
0.0
7.1e-12
8.6e-12
4e-13
6.4e-12
6.6e-12
8.9e-12
8e-12
1.18e-11
1.76e-11
1.85e-11
2.01e-11
7.97e-11
2.9e-11
6.14e-11
1.996e-10
1.936e-10
8.92e-11
5.9e-12
4e-13
4.1e-12
1.9e-12
1.7e-12
1.7e-12
1.6e-12
8.4e-12
9.1e-12
7.4e-12
7.6e-12
4.3e-12
6.6e-12
8.2e-12
8.3e-12
1.39e-11
9.2e-12
1.42e-11
2.9e-12
2.76e-11
8.36e-11
1.957e-10
1.668e-10
1.13e-11
0.0
0.0
0.0
0.0
1e-13
1.9e-12
1.8e-12
1.4e-12
3.2e-12
1.1e-12
4.2e-12
2.2e-12
1e-13
1.32e-11
2.8e-12
9.7e-12
5.08e-11
6.34e-11
5.7e-11
1.354e-10
2.677e-10
3.469e-10
3.727e-10
2.475e-10
8.39e-11
1.037e-10
6.65e-11
0.0
0.0
7e-13
5e-13
2.8e-12
4.6e-12
3.6e-12
8.5e-12
1.66e-11
1.57e-11
8.9e-12
4.9e-12
6.9e-12
4.5e-12
4.6e-12
5.7e-12
8.75e-11
0.0
1.971e-10
1.655e-10
4.54e-11
4.9e-12
0.0
0.0
0.0
0.0
0.0
0.0
3e-13
5.1e-12
2.9e-12
1.07e-11
1.23e-11
1.22e-11
3.28e-11
9.6e-12
7.3e-12
6.4e-12
0.0
4.1e-12
0.0
0.0
2.664e-10
2.745e-10
2.504e-10
2.072e-10
2.96e-11
6e-13
5e-13
4e-13
5e-13
1e-12
3.1e-12
5.9e-12
0.0
2.73e-11
2e-11
3.76e-11
2.82e-11
2.7e-11
6.5e-12
5.9e-12
4.4e-12
2.09e-11
1.029e-10
0.0
1.71e-10
1.557e-10
1.316e-10
6.73e-11
3.2e-12
0.0
0.0
0.0
0.0
0.0
3.2e-12
3.1e-12
2.2e-12
1.65e-11
4.86e-11
1.031e-10
1.45e-10
9.01e-11
3.72e-11
6.5e-11
2.2e-11
7.66e-11
2.002e-10
2.56e-10
2.965e-10
1.918e-10
2.061e-10
7.08e-11
1.63e-11
1.49e-11
1.15e-11
1.17e-11
5.7e-12
5.3e-12
1.19e-11
8e-12
0.0
1e-13
0.0
4e-12
4.9e-12
7.2e-12
8.2e-12
4.02e-11
3.84e-11
3.18e-11
9.05e-11
1.76e-10
3.255e-10
3.225e-10
1.346e-10
1.47e-11
6.3e-12
3e-12
6e-13
0.0
0.0
0.0
3.4e-12
9.1e-12
2.22e-11
3.48e-11
1.5e-12
1.6e-11
1.2e-11
1.42e-11
3.39e-11
1.76e-10
3.127e-10
2.962e-10
2.715e-10
1.474e-10
7.61e-11
5.5e-12
5e-12
4.8e-12
3.9e-12
4.1e-12
1.32e-11
1.96e-11
1.6e-11
2.53e-11
4.07e-11
4.23e-11
3.89e-11
4.49e-11
3.39e-11
2.35e-11
3.62e-11
1.81e-11
3.85e-11
2.391e-10
7e-13
3.428e-10
3.112e-10
2.296e-10
9.98e-11
1.82e-11
8.1e-12
5.8e-12
3.6e-12
5.7e-12
9e-13
7.1e-12
7.4e-12
2.4e-12
3.9e-12
8.7e-12
1.9e-11
1.38e-11
6.5e-12
1.04e-11
1.51e-11
2.398e-10
4.04e-11
9.93e-11
2.932e-10
2.6e-12
2.389e-10
1.618e-10
1.202e-10
6.5e-12
6e-13
4e-13
4e-13
1e-12
2.03e-11
3.05e-11
2e-12
4.7e-12
1.85e-11
1.6e-11
8e-13
4.2e-12
3.7e-11
1.86e-11
2.02e-11
8.12e-11
7.82e-11
2.101e-10
2.986e-10
2.931e-10
1.881e-10
1.649e-10
6.55e-11
2.05e-11
1.67e-11
1.78e-11
1.28e-11
9.8e-12
8.2e-12
1.23e-11
1.05e-11
1.95e-11
1.98e-11
1.09e-11
3.6e-12
8.1e-12
3.1e-12
3.6e-12
3.8e-12
1.5e-12
5.91e-11
2.321e-10
2.499e-10
2.894e-10
2.332e-10
5.49e-11
4.582e-10
2.62e-11
2.5e-11
1.97e-11
4e-13
3e-13
6.2e-12
1.58e-11
5.7e-12
4.4e-12
6.1e-12
2.06e-11
5.21e-11
5.08e-11
1.78e-11
4.13e-11
7.56e-11
9.29e-11
1.346e-10
2.404e-10
2.722e-10
2.701e-10
2.259e-10
7.06e-11
6.49e-11
7.88e-11
5.9e-11
7.61e-11
2.93e-11
2.56e-11
2.67e-11
3.39e-11
1.42e-11
1.13e-11
9.6e-12
2.2e-12
5.3e-12
3.2e-12
6.7e-12
5.1e-12
5.7e-12
1.35e-11
3.4e-11
5.9e-11
1.525e-10
2.273e-10
2.184e-10
1.678e-10
9.23e-11
3.32e-11
1.87e-11
1.82e-11
3e-13
0.0
1.14e-11
0.0
8.2e-12
7.5e-12
8.3e-12
1.4e-12
0.0
0.0
0.0
5e-12
3.8e-12
2.3e-12
8.4e-12
9.22e-11
2.817e-10
2.915e-10
1.531e-10
1.364e-10
1.323e-10
2.21e-11
1.8e-12
4e-13
0.0
0.0
3.3e-12
1.17e-11
5.5e-12
0.0
0.0
4.5e-12
2.46e-11
1.84e-11
2.1e-11
1.076e-10
7.94e-11
5.5e-11
5.99e-11
1.189e-10
1.845e-10
2.297e-10
1.732e-10
1.276e-10
7.86e-11
4.2e-12
3e-13
3e-13
3e-13
2e-13
7e-13
2.6e-12
3.6e-12
5.1e-12
3.2e-12
2.3e-12
2.47e-11
2.47e-11
3.86e-11
1.19e-11
9.2e-12
1.62e-11
4.51e-11
1.327e-10
3.078e-10
3.838e-10
1.818e-10
1.241e-10
6.38e-11
6.22e-11
1.005e-10
4.75e-11
3.6e-12
0.0
1e-12
3.2e-12
2e-12
0.0
9e-13
6.8e-12
5.7e-12
1.2e-12
6e-12
7.4e-12
8e-13
7e-13
4e-12
6.6e-12
1.86e-11
6.68e-11
1.018e-10
1.75e-11
9e-12
6.6e-12
5.3e-12
6.967e-10
1.4e-12
0.0
1e-13
8.9e-12
3.2e-12
9.6e-12
7.6e-12
1.9e-12
4e-13
3.9e-12
4.1e-12
5.9e-12
9.1e-12
5.1e-12
1.28e-11
1.38e-11
2.86e-11
6.18e-11
2.92e-11
6.6e-12
0.0
0.0
0.0
0.0
2e-13
0.0
1e-13
1.7e-12
5.4e-12
9.1e-12
8.4e-12
0.0
2.8e-12
1.5e-11
8.5e-12
8.4e-12
4.6e-12
7.4e-12
4e-11
3.66e-11
4.7e-11
4.51e-11
3.21e-11
8.5e-12
7.5e-12
8e-13
0.0
8e-13
2.6e-12
1.1e-12
2.4e-12
1.6e-12
5e-13
3e-12
4.6e-12
3.1e-12
1.6e-12
6.2e-12
9.3e-12
9.8e-12
4.8e-12
5.8e-12
7.222e-10
1.13e-10
1.526e-10
1.688e-10
1.621e-10
1.04e-10
6.5e-11
7.22e-11
2.05e-11
1.71e-11
1.45e-11
1.39e-11
1.5e-11
0.0
2.4e-11
1.33e-11
2.9e-12
3.2e-12
2.5e-12
1.2e-12
1.43e-11
1.43e-11
1.19e-11
1.18e-11
1.073e-10
0.0
1.723e-10
1.951e-10
1.998e-10
1.538e-10
1.132e-10
5.12e-11
3.1e-11
2.88e-11
2.85e-11
2.9e-11
3.21e-11
4.87e-11
7.4e-12
7.3e-12
1.06e-11
1.29e-11
6.6e-12
1.33e-11
9.8e-12
4.2e-12
3.3e-12
9e-13
9e-12
7.83e-11
1.232e-10
1.758e-10
1.678e-10
1.314e-10
1.019e-10
1.074e-10
4.36e-11
1.6e-12
4e-13
1e-13
2e-13
0.0
3.6e-12
6.7e-12
0.0
1e-12
4.9e-12
1.3e-11
5.4e-12
4e-12
5.8e-11
1.042e-10
3.92e-11
1.083e-10
1.804e-10
2.707e-10
2.583e-10
1.35e-10
7.33e-11
1e-13
1e-13
1e-13
1e-13
1e-13
2e-13
1.73e-11
2.2e-12
3e-13
1.2e-12
1.7e-12
1.5e-12
1.8e-12
1.9e-12
6.2e-12
4.6e-12
3.8e-12
5.9e-12
3.3e-12
4.58e-11
2.789e-10
2.243e-10
1.574e-10
1.353e-10
8.93e-11
8.6e-12
4.8e-12
3e-12
8.1e-12
8.3e-12
1.47e-11
5.6e-12
1.42e-11
9.2e-12
4.1e-12
5.2e-12
1.8e-12
2.4e-12
1.9e-12
6e-12
1.31e-11
9.7e-12
3.709e-10
2.335e-10
2.795e-10
1.701e-10
6.18e-11
1.25e-11
3.325e-10
2.09e-11
8.3e-12
0.0
0.0
0.0
3.1e-12
2.1e-12
2.38e-11
3.7e-11
3.59e-11
3.514e-10
8.1e-12
7.4e-12
2.64e-11
3.06e-11
3.883e-10
1.601e-10
2.131e-10
2.43e-10
0.0
2.894e-10
2.09e-10
6.38e-11
3.377e-10
4.4e-12
7e-13
0.0
0.0
0.0
4.5e-12
5.3e-12
2.19e-11
2.43e-11
1.88e-11
8.9e-12
6.5e-12
2.18e-11
1.39e-11
4.13e-11
2.47e-11
5.1e-12
1.85e-11
1.912e-10
2.783e-10
2.651e-10
7.48e-11
1.15e-11
1.96e-11
2.03e-11
2.13e-11
2.07e-11
1.98e-11
1.98e-11
3.17e-11
8.1e-12
7.1e-12
1e-11
1.31e-11
8.9e-11
6.92e-11
3.24e-11
1.99e-11
1.37e-11
2.26e-11
9.9e-12
6.92e-11
1.427e-10
2.228e-10
2.005e-10
1.729e-10
5.9e-11
2.79e-11
2.45e-11
2.45e-11
1.88e-11
1.85e-11
1.55e-11
1.15e-11
1.27e-11
1.46e-11
1.35e-11
1.31e-11
1.02e-11
7.3e-12
1.59e-11
1.58e-11
6.5e-12
3.62e-11
4.81e-11
3.77e-11
8.54e-11
1.243e-10
1.139e-10
4.26e-11
8.6e-12
4.9e-12
1e-12
2.4e-12
1.1e-12
4e-13
2.8e-12
4.65e-11
1.14e-11
7.4e-12
8.5e-12
1.68e-11
1.95e-11
3e-12
7.9e-12
3.3e-12
5.8e-12
3.07e-11
4.58e-11
3.47e-11
4.24e-11
7.41e-11
5.8e-11
4.21e-11
3.91e-11
1.1e-11
4.9e-12
4.8e-12
3.9e-12
4.1e-12
5.8e-12
3.48e-11
1.61e-11
1.17e-11
1.3e-11
1.46e-11
2.37e-11
2.55e-11
1.84e-11
2.57e-11
4.62e-11
3.37e-11
2.41e-11
1.27e-11
1.282e-10
2.833e-10
2.672e-10
1.69e-10
1.032e-10
3.75e-11
8.4e-12
1.22e-11
1.04e-11
1.47e-11
4.5e-12
8e-12
3.7e-12
6.6e-12
1.89e-11
1.35e-11
1.16e-11
5.4e-12
4.9e-12
7.2e-12
5.8e-12
0.0
1.43e-11
8.82e-11
2.127e-10
2.805e-10
2.886e-10
2.2e-10
1.118e-10
2.87e-11
3.5e-12
1.32e-11
1.1e-11
1.09e-11
1.24e-11
1.3e-11
1.7e-11
1.4e-11
1.67e-11
1.58e-11
1.78e-11
1.76e-11
2.61e-11
1.47e-11
2.03e-11
1.01e-10
5.99e-11
1.963e-10
2.897e-10
3.112e-10
1.884e-10
1.137e-10
3.13e-11
2.62e-11
2.51e-11
1.76e-11
1.68e-11
1.72e-11
1.72e-11
2.27e-11
1.89e-11
1e-11
5.3e-12
4.5e-12
3.1e-12
7.1e-12
1.4e-11
1.45e-11
1.41e-11
1.62e-11
1.2e-11
0.0
1.366e-10
2.025e-10
1.994e-10
1.617e-10
4.39e-11
1.39e-11
6e-13
1e-12
6e-13
9e-13
2.3e-12
1.59e-11
4.9e-12
5.1e-12
6.7e-12
3e-12
2.2e-12
2e-12
0.0
2.2e-12
4.6e-12
1.89e-11
1.91e-11
7.74e-11
2.124e-10
2.659e-10
1.909e-10
7.35e-11
8.9e-12
2.3e-12
1e-12
3e-13
3e-12
1e-11
1.1e-11
1.54e-11
6.2e-12
1.48e-11
2.42e-11
2.68e-11
9.4e-12
5.6e-12
3.5e-12
4.1e-12
1.2e-12
4.7e-12
5.34e-11
1.7e-12
1.355e-10
1.775e-10
1.419e-10
1.478e-10
1.04e-10
2.09e-11
1.25e-11
1.07e-11
9.9e-12
5.2e-12
0.0
1.25e-11
6.3e-12
6.9e-12
1.13e-11
1.28e-11
5.45e-11
4.94e-11
0.0
5.69e-11
7.43e-11
6.8e-11
7.56e-11
1.311e-10
1.307e-10
2.015e-10
1.734e-10
5.31e-11
2.95e-11
2.18e-11
2e-12
8e-13
9e-13
2e-13
3e-13
2.9e-12
5.5e-12
1.63e-11
1.36e-11
5.28e-11
6.33e-11
4.39e-11
4.1e-11
4.95e-11
5.18e-11
4.7e-11
1.4e-11
9.2e-12
8.89e-11
1.953e-10
1.773e-10
7.07e-11
3.26e-11
6.8e-12
1.89e-11
1.76e-11
1.79e-11
2.09e-11
3.31e-11
0.0
1.4e-11
3.13e-11
1.16e-11
1.31e-11
9.3e-12
7.6e-12
1.33e-11
1.63e-11
6.68e-11
2.32e-11
3.45e-11
8.51e-11
3.35e-10
1.103e-10
0.0
0.0
0.0
0.0
0.0
0.0
0.0
0.0
0.0
0.0
0.0
0.0
0.0
0.0
0.0
0.0
0.0
0.0
0.0
0.0
0.0
0.0
0.0
0.0
0.0
0.0
0.0
0.0
0.0
0.0
0.0
0.0
0.0
0.0
0.0
0.0
0.0
0.0
0.0
0.0
0.0
0.0
0.0
0.0
0.0
0.0
0.0
0.0
0.0
0.0
0.0
0.0
0.0
0.0
0.0
0.0
0.0
0.0
0.0
0.0
0.0
0.0
0.0
0.0
0.0
0.0
0.0
0.0
1.321e-10
1.444e-10
0.0
0.0
0.0
0.0
0.0
0.0
0.0
0.0
0.0
0.0
0.0
0.0
0.0
0.0
0.0
0.0
0.0
0.0
2.8e-12
1.02e-11
2.88e-11
3.49e-11
3.16e-11
5.16e-11
1.127e-10
2.066e-10
1.716e-10
6.83e-11
5.42e-11
3.12e-11
2.29e-11
3.5e-12
3e-13
1e-13
4.7e-12
2.65e-11
1.42e-11
4.9e-12
2.9e-12
7.2e-12
4.4e-12
2.8e-12
9.6e-12
1.95e-11
1.87e-11
2.64e-11
2.08e-11
1.89e-11
1.281e-10
3.02e-10
3.227e-10
2.171e-10
6.67e-11
1.57e-11
7.9e-12
1.1e-12
2e-13
0.0
8e-13
8.8e-12
5.414e-10
4.1e-12
2e-13
5.97e-11
6e-11
4.9e-12
9e-13
7.7e-12
9.7e-12
6e-13
4.7e-12
1.15e-11
2.208e-10
3.331e-10
3.578e-10
3.003e-10
2.093e-10
8.11e-11
3.1e-12
4e-13
4e-13
5e-13
4e-13
3.1e-12
4.8e-12
0.0
1.2e-12
8.2e-12
1.74e-11
2.05e-11
6.2e-12
5.6e-12
2.171e-10
3.5e-12
4.65e-11
6.4e-11
2.581e-10
2.867e-10
1.904e-10
1.313e-10
3.54e-11
3.13e-11
3.08e-11
3.65e-11
1.95e-11
1.32e-11
1.22e-11
1.54e-11
1.47e-11
4.3e-12
4.1e-12
5.4e-12
6.7e-12
9.1e-12
1.12e-11
1.5e-11
2.91e-11
5.31e-11
3.11e-10
3.591e-10
3.293e-10
4.386e-10
2.847e-10
1.965e-10
8.75e-11
1.22e-11
2.2e-12
2.6e-12
2.3e-12
1.9e-12
2.2e-12
1.23e-11
1.5e-11
8.9e-12
3.023e-10
2.7e-12
1.8e-12
4.5e-12
6.52e-11
1.21e-11
1.05e-11
3.44e-11
2.15e-11
2.87e-11
1.268e-10
3.395e-10
3.245e-10
1.861e-10
5.63e-11
2.32e-11
7.9e-12
8e-12
8.1e-12
8.2e-12
8.1e-12
2.06e-11
2.45e-11
9.2e-12
8e-12
7.5e-12
1.15e-11
1.71e-11
1.67e-11
1.84e-11
3.15e-11
9.26e-11
1.202e-10
1.953e-10
2.724e-10
3.979e-10
5.1e-12
3.083e-10
1.308e-10
1.1e-10
7.3e-12
3.3e-12
8e-13
4e-13
5e-13
1.14e-11
8.4e-12
9e-13
4.2e-12
6.8e-12
8.3e-12
1.1e-11
7.7e-12
6.1e-12
8.3e-12
5.12e-11
5.18e-11
8.28e-11
2.101e-10
3.384e-10
2.83e-10
2.445e-10
1.498e-10
6.77e-11
2e-13
2e-13
1e-13
0.0
0.0
3.8e-12
2.8e-12
1.2e-12
1.01e-11
1.57e-11
1.48e-11
1.67e-11
1.4e-11
6.84e-11
7.91e-11
2.49e-11
1.18e-11
8.2e-11
3.291e-10
3.297e-10
1.228e-10
4.17e-11
1.9e-11
1.16e-11
5.8e-12
6.7e-12
3.3e-12
2e-13
0.0
5e-12
1.05e-11
5.8e-12
7e-12
2.4e-12
5.3e-12
6.7e-12
3.1e-12
4.7e-12
1.05e-11
8.6e-12
1.02e-11
1.15e-11
1.245e-10
2.83e-10
2.051e-10
7.19e-11
3.75e-11
1.99e-11
1.66e-11
1.5e-11
1.45e-11
1.46e-11
1.53e-11
2.08e-11
1.64e-11
9.4e-12
1.7e-11
9.9e-12
4.1e-12
3e-12
1.01e-11
9.2e-12
1.17e-11
1.17e-11
4.81e-11
5.84e-11
2.05e-10
2.332e-10
2.021e-10
8.34e-11
1.23e-11
1.43e-11
3.5e-12
9e-13
1.1e-12
1.1e-12
6.1e-12
1.35e-11
8.8e-12
1.1e-11
1e-11
4.83e-11
1.019e-10
1.83e-11
4.24e-11
1.4e-11
9.54e-11
1.206e-10
1.946e-10
2.68e-10
2.836e-10
2.799e-10
1.308e-10
4.27e-11
2.09e-11
3e-12
4.6e-12
7.8e-12
4.4e-12
3.2e-12
6e-12
3.17e-11
1.74e-11
5e-12
5.7e-12
1.31e-11
7e-12
3.8e-12
9.1e-12
7.1e-12
8.2e-12
1.15e-11
1.78e-11
1.24e-11
1.009e-10
2.002e-10
3.381e-10
2.209e-10
7.25e-11
0.0
0.0
0.0
0.0
0.0
0.0
0.0
0.0
0.0
0.0
0.0
0.0
0.0
9.4e-12
2.1e-11
2.99e-11
4.87e-11
6.51e-11
2.174e-10
2.577e-10
2.904e-10
3.021e-10
1.946e-10
1.278e-10
9.42e-11
1.22e-11
9e-13
2e-13
1e-13
1e-13
6.4e-12
5.5e-12
3.4e-12
2.44e-11
1.1e-11
8.5e-12
7.1e-12
4.2e-12
2.6e-12
2.3e-12
1.7e-12
2e-13
1.075e-10
2.492e-10
0.0
0.0
0.0
0.0
0.0
0.0
0.0
0.0
0.0
0.0
0.0
0.0
0.0
0.0
0.0
0.0
0.0
0.0
0.0
4.2e-12
4.05e-11
8.53e-11
3.34e-11
1.035e-10
3.188e-10
2.334e-10
1.902e-10
1.374e-10
5.13e-11
2.9e-12
2.9e-12
1.8e-12
1e-13
4.5e-12
2.14e-11
4.1e-12
6.5e-12
4.9e-12
7e-13
2e-13
1.4e-12
3.4e-12
3.2e-12
3.55e-11
4.23e-11
5.42e-11
3.1e-11
1.699e-10
3.38e-10
2.437e-10
1.821e-10
6.6e-11
1.42e-11
1.42e-11
9.9e-12
9.6e-12
1.12e-11
2.68e-11
2.26e-11
1.52e-11
1.31e-11
1.25e-11
3.3e-12
2e-13
4.4e-12
3.7e-12
1.5e-12
1.5e-12
0.0
9.2e-12
3.13e-11
1.841e-10
3.369e-10
3.456e-10
1.795e-10
8.98e-11
4.37e-11
1.77e-11
1.76e-11
1.73e-11
1.51e-11
9.8e-12
1.7e-11
2.14e-11
1.82e-11
6.44e-11
5.27e-11
6.11e-11
6.91e-11
7.45e-11
1.039e-10
1.698e-10
2.131e-10
1.628e-10
2.255e-10
3.263e-10
2.333e-10
1.539e-10
1.672e-10
6.81e-11
8.9e-12
8.9e-12
1.13e-11
9.7e-12
9.1e-12
1.22e-11
2.45e-11
9e-12
2.2e-12
2.1e-12
3.8e-12
1e-12
8.4e-12
8.9e-12
4.8e-12
4.4e-12
5e-12
2.4e-12
1.135e-10
2.752e-10
2.67e-10
7.05e-11
5.46e-11
1.56e-11
1.7e-12
5.3e-12
1e-12
0.0
2.6e-12
1.2e-12
0.0
1.24e-11
5.8e-12
4.8e-12
3e-13
1e-13
1e-12
8.6e-12
7.8e-12
4.6e-12
4.1e-12
7.49e-11
7.33e-11
2.54e-10
2.367e-10
1.785e-10
8.63e-11
2.45e-11
8e-13
0.0
2e-13
0.0
2e-13
1.7e-12
6.3e-12
2e-12
2.61e-11
1.63e-11
0.0
1.62e-11
6.3e-12
1.3e-11
1.18e-11
1.8e-11
3.62e-11
1.391e-10
2.945e-10
3.554e-10
3.022e-10
2.886e-10
1.777e-10
5.71e-11
4.6e-12
1.16e-11
1.17e-11
2.2e-12
1.8e-12
0.0
3.2e-12
4.8e-12
5e-12
4.2e-12
9.1e-12
6.7e-12
6e-12
5e-12
3.4e-12
0.0
1.03e-11
2e-11
5.56e-11
0.0
0.0
0.0
0.0
0.0
0.0
0.0
0.0
0.0
0.0
0.0
0.0
0.0
0.0
0.0
0.0
0.0
0.0
0.0
0.0
0.0
0.0
0.0
0.0
0.0
0.0
0.0
0.0
0.0
0.0
0.0
0.0
0.0
0.0
0.0
0.0
0.0
0.0
0.0
0.0
0.0
0.0
0.0
0.0
0.0
0.0
0.0
0.0
0.0
0.0
0.0
0.0
0.0
0.0
0.0
0.0
0.0
0.0
0.0
0.0
0.0
0.0
0.0
0.0
0.0
0.0
0.0
0.0
0.0
0.0
0.0
0.0
0.0
0.0
0.0
0.0
0.0
0.0
0.0
0.0
0.0
0.0
0.0
0.0
0.0
1.87e-11
3.29e-11
5.76e-11
6.66e-11
4.56e-11
4.51e-11
5.65e-11
7.39e-11
9.43e-11
1.139e-10
1.82e-10
3.754e-10
3.702e-10
2.15e-10
4.95e-11
2.74e-11
7.9e-12
3.6e-12
5e-13
2.6e-12
3.4e-12
3.1e-12
6.9e-12
4.7e-12
1.56e-11
2.08e-11
2.18e-11
1.94e-11
9.7e-12
1.16e-11
1.19e-11
1.976e-10
1.66e-10
1.928e-10
1.878e-10
3.217e-10
4.349e-10
0.0
1.914e-10
1.439e-10
1.34e-11
0.0
8.5e-12
6.2e-12
3.4e-12
5.7e-12
7.2e-12
5e-13
1.4e-12
1.48e-11
1.26e-11
1.06e-11
3.9e-12
1.05e-11
2.56e-11
1.24e-11
1.42e-11
3.5e-11
9.88e-11
2.374e-10
3.331e-10
2.274e-10
1.572e-10
1.036e-10
3.21e-11
3.9e-12
0.0
0.0
0.0
3.6e-12
1.17e-11
1.85e-11
2.3e-12
5.6e-12
1.48e-11
2.5e-11
4.71e-11
2.05e-11
4.17e-11
5.6e-11
2.61e-11
2.86e-11
7.16e-11
3.369e-10
4.702e-10
3.178e-10
1.666e-10
7.8e-12
0.0
0.0
0.0
0.0
0.0
3.6e-12
7.1e-12
2.64e-11
2.73e-11
6e-12
7.2e-12
1.88e-11
1.42e-11
2.5e-11
4.37e-11
4.25e-11
4.12e-11
4.3e-11
4.94e-11
6.93e-11
1.557e-10
1.547e-10
1.062e-10
2.91e-11
0.0
0.0
0.0
0.0
0.0
0.0
7.7e-12
8.8e-12
2e-12
5.2e-12
1.32e-11
1.41e-11
4.1e-12
8.7e-12
1.28e-11
5.8e-12
1.2e-11
8.83e-11
1.117e-10
1.806e-10
1.625e-10
1.076e-10
5.31e-11
7.3e-12
0.0
0.0
0.0
0.0
1.16e-11
0.0
9.2e-12
1.23e-11
6.8e-12
4e-12
7.5e-12
7.5e-12
1.3e-12
1.6e-12
2.8e-12
7.4e-12
2.35e-11
1.079e-10
1.143e-10
1.648e-10
1.42e-10
8.03e-11
5.11e-11
1.83e-11
1.03e-11
7e-13
0.0
0.0
0.0
1e-13
3.4e-12
5.5e-12
3.2e-12
8.2e-12
1.28e-11
1.06e-11
1.73e-11
8.24e-11
4.96e-11
2.08e-11
1.7e-11
1.32e-11
2.59e-11
0.0
1.077e-10
1.064e-10
4.97e-11
8.68e-11
1.36e-11
9.9e-12
9.8e-12
9.9e-12
1.37e-11
1.16e-11
1.08e-11
1.63e-11
1.7e-11
9.2e-12
8.8e-12
5.4e-12
1.34e-11
2.2e-11
2.02e-11
0.0
2.3e-11
2.06e-11
2.09e-11
6.46e-11
1.11e-10
5.27e-11
3.32e-11
8.1e-12
4.4e-12
0.0
1e-12
0.0
0.0
3.1e-12
7.7e-12
8.7e-12
9.2e-12
3.1e-12
9e-12
9.9e-12
1.21e-11
1.64e-11
1.41e-11
1.82e-11
1.71e-11
3e-11
5.93e-11
2.289e-10
3.131e-10
2.971e-10
1.045e-10
3.32e-11
1.74e-11
3.4e-12
4.1e-12
1.2e-12
7.4e-12
2e-13
6.5e-12
7.7e-12
2.9e-12
5.6e-12
8.7e-12
2e-12
7e-13
4.26e-11
3.24e-11
7.03e-11
3.058e-10
3.634e-10
3.14e-10
4.279e-10
4.74e-10
3.989e-10
6.33e-11
2.87e-11
2.13e-11
1.9e-11
1.42e-11
1.01e-11
7.8e-12
8.1e-12
8.5e-12
8.4e-12
1.71e-11
8.1e-12
1.13e-11
1.11e-11
1.07e-11
8.9e-12
5e-12
5.7e-12
1.18e-11
9.1e-12
5.6e-12
1.469e-10
1.904e-10
1.304e-10
7.28e-11
3.1e-12
1.6e-12
0.0
0.0
0.0
0.0
3.5e-12
4e-12
1.9e-12
7.1e-12
1.06e-11
1.11e-11
9.3e-12
1.82e-11
1.57e-11
1.25e-11
2.71e-11
2.41e-11
8.74e-11
1.252e-10
2.122e-10
2.074e-10
1.549e-10
1.421e-10
8.13e-11
1.42e-11
4.3e-12
3.7e-12
7.7e-12
1.35e-11
1.43e-11
8e-12
7.9e-12
2.76e-11
3.83e-11
1.71e-11
2.04e-11
2.05e-11
1.59e-11
7.15e-11
1.788e-10
1.594e-10
2.136e-10
3.879e-10
3.908e-10
2.922e-10
1.655e-10
3.19e-11
1.12e-11
7.5e-12
8.8e-12
7.9e-12
5.6e-12
5.2e-12
1.06e-11
8.3e-12
1.12e-11
9.9e-12
1.08e-11
7.4e-12
8.9e-12
6.3e-12
9.1e-12
1.31e-11
1.95e-11
5.43e-11
1.512e-10
1.601e-10
3.358e-10
4.336e-10
2.806e-10
1.596e-10
3.64e-11
2.34e-11
0.0
0.0
0.0
0.0
0.0
0.0
0.0
0.0
0.0
1e-13
6.2e-12
1.98e-11
2.58e-11
2.14e-11
2.13e-11
1.84e-11
2e-11
1.34e-10
3.07e-10
2.964e-10
1.333e-10
4.33e-11
6e-13
2.2e-12
0.0
1e-13
0.0
1.2e-12
2.2e-12
3.4e-12
6e-13
2.8e-12
5.3e-12
7.6e-12
5.1e-12
8.8e-12
2.32e-11
3.07e-11
3.42e-11
2.81e-11
1.7e-11
1.142e-10
2.129e-10
2.621e-10
2.616e-10
1.904e-10
9.29e-11
2e-12
9e-13
1.1e-12
9e-13
9e-13
8e-12
7.3e-12
2.1e-12
5.3e-12
5.3e-12
2.7e-12
6.2e-12
3.8e-12
1.5e-12
6.9e-12
2.34e-11
6.94e-11
5.47e-11
4.74e-11
3.94e-11
0.0
0.0
0.0
0.0
0.0
0.0
0.0
0.0
0.0
0.0
0.0
0.0
0.0
0.0
0.0
0.0
0.0
0.0
0.0
0.0
1.67e-11
6.47e-11
1.504e-10
3.353e-10
4.465e-10
3.759e-10
2.06e-10
1.237e-10
5.39e-11
2.04e-11
1.83e-11
1.73e-11
1.71e-11
1.63e-11
2.33e-11
1.63e-11
2.46e-11
2.27e-11
2e-11
1.69e-11
2.04e-11
3.08e-11
3.99e-11
2.09e-11
1.97e-11
3.55e-11
6.04e-11
0.0
4.041e-10
3.716e-10
1.766e-10
7.46e-11
1.47e-11
0.0
0.0
0.0
0.0
1e-12
1.7e-12
1.3e-11
4.03e-11
5.14e-11
4.18e-11
4.11e-11
3.88e-11
1.72e-11
3.73e-11
8.93e-11
1.101e-10
1.584e-10
2.615e-10
4.182e-10
0.0
2.57e-10
6.63e-11
3.74e-11
1.39e-11
1.27e-11
9.4e-12
8.5e-12
8.6e-12
9.6e-12
7.3e-12
0.0
0.0
0.0
0.0
0.0
0.0
0.0
0.0
0.0
0.0
0.0
0.0
0.0
0.0
0.0
0.0
0.0
0.0
0.0
0.0
0.0
0.0
0.0
0.0
0.0
0.0
0.0
0.0
0.0
2e-12
5.4e-12
9.7e-12
1.7e-11
1.98e-11
2.81e-11
6.81e-11
3.232e-10
3.672e-10
2.834e-10
1.862e-10
1.22e-10
3.35e-11
0.0
1e-13
0.0
1e-13
4.7e-12
1.24e-11
2.2e-12
3.8e-12
2.64e-11
1.5e-11
9.5e-12
5.7e-12
6.1e-12
5.9e-12
6.9e-12
8.5e-12
7.7e-12
9.1e-12
9.16e-11
2.82e-10
2.449e-10
1.507e-10
4.43e-11
2.5e-12
3e-13
0.0
0.0
0.0
2e-13
5.5e-12
1.29e-11
2.05e-11
1.97e-11
9.2e-12
1.6e-12
8e-12
1.56e-11
1.37e-11
3.15e-11
4.08e-11
2.27e-11
7.9e-12
1.123e-10
2.389e-10
1.87e-10
1.116e-10
7.84e-11
8.2e-12
1.3e-12
4.9e-12
3.1e-12
3.9e-12
1.4e-12
8.5e-12
1.4e-11
2.06e-11
1.33e-11
5.2e-12
5e-13
4.2e-12
7.6e-12
5.9e-12
6.5e-12
2.11e-11
1.3e-12
1.18e-11
4.67e-11
1.256e-10
7.57e-11
5.44e-11
2.34e-11
1.71e-11
9.2e-12
0.0
9.99999999999e-14
0.0
3e-13
9.8e-12
6e-13
0.0
6.9e-12
5e-12
6.5e-12
7.7e-12
1.24e-11
8.9e-12
9.8e-12
2.29e-11
2.18e-11
3.48e-11
9.04e-11
1.597e-10
7.74e-11
7.53e-11
1.72e-11
2.9e-12
1.5e-12
9e-13
9e-13
9e-13
7.3e-12
1.39e-11
6.8e-12
1.29e-11
1.27e-11
1.99e-11
3.63e-11
1.87e-11
3.7e-12
1.71e-11
3.05e-11
5.89e-11
1.473e-10
2.156e-10
2.799e-10
3.515e-10
2.519e-10
1.229e-10
5.3e-12
2.1e-12
5e-13
9e-13
1.6e-12
8e-13
3.2e-12
4.7e-12
3.6e-12
2e-13
1.6e-12
7.4e-12
8e-12
7.5e-12
9e-12
7.2e-12
2.06e-11
3.45e-11
3.18e-11
3.23e-11
0.0
1.451e-10
8.65e-11
3.73e-11
3.6e-12
3.2e-12
2e-13
0.0
0.0
0.0
5.2e-12
0.0
2.94e-11
1.66e-11
6.3e-12
4.9e-12
2.1e-12
3.2e-12
1.01e-11
7.7e-12
5e-12
5.5e-12
1.8e-12
1.88e-11
2.07e-10
2.752e-10
1.411e-10
3.77e-11
5.3e-12
8e-13
5e-13
8e-13
0.0
0.0
2.6e-12
0.0
1.5e-12
9e-12
8e-12
3.6e-12
2.6e-12
1.5e-12
6e-13
6e-13
1.3e-12
2.28e-11
5.17e-11
1.036e-10
0.0
0.0
4.51e-11
2.13e-11
0.0
0.0
0.0
1.4e-12
0.0
0.0
0.0
6.6e-12
9e-13
3e-13
0.0
0.0
0.0
1.1e-12
6.2e-12
4.3e-12
1.85e-11
3.6e-12
2.46e-11
7.29e-11
1.54e-10
1.792e-10
1.475e-10
1.384e-10
1.012e-10
1.85e-11
1.8e-12
2e-13
1.4e-12
5.4e-12
8e-13
1.02e-11
2.3e-12
1.7e-12
6.2e-12
6.5e-12
3.6e-12
1.08e-11
3.12e-11
3.58e-11
9.1e-12
3.4e-12
2.48e-11
7.3e-11
2.198e-10
2.712e-10
1.991e-10
1.031e-10
4.99e-11
1.84e-11
9e-12
8.5e-12
8.6e-12
1.11e-11
2.06e-11
2.21e-11
1.4e-11
2.19e-11
1.21e-11
1.55e-11
1.49e-11
1.27e-11
7.7e-12
8e-12
2.05e-11
1.57e-11
2.46e-11
2.25e-11
1.742e-10
1.751e-10
1.923e-10
8.67e-11
9.3e-12
0.0
0.0
0.0
0.0
0.0
8e-13
3.1e-12
1e-13
4.8e-12
5.1e-12
4.55e-11
2.37e-11
5e-13
0.0
0.0
2.2e-12
1.56e-11
2.413e-10
3.314e-10
4.345e-10
4.106e-10
2.6e-10
1.688e-10
1.78e-11
4.1e-12
4.3e-12
8e-13
8e-13
8e-13
1.3e-12
7.1e-12
3.2e-12
7.8e-12
1.7e-11
6.5e-12
6.4e-12
6.6e-12
8.9e-12
1.1e-11
2e-13
1.01e-11
6.5e-12
4.7e-12
3.17e-11
6.78e-11
4.81e-11
2.33e-11
8.5e-12
0.0
0.0
0.0
0.0
0.0
3.4e-12
6.3e-12
9e-13
5e-13
1.3e-12
6.7e-12
4e-12
7e-13
6.1e-12
8.6e-12
9.6e-12
1.25e-11
1.36e-11
1.68e-11
6.56e-11
1.604e-10
1.579e-10
1.35e-10
9.37e-11
7.5e-12
0.0
0.0
2e-13
0.0
0.0
1.8e-12
5.9e-12
3.8e-12
6.1e-12
6.2e-12
7e-12
3.8e-12
5.6e-12
2e-12
6.2e-12
1.1e-11
2.64e-11
9.72e-11
2.5e-10
3.392e-10
3.032e-10
2.1e-10
1.38e-10
1.145e-10
4.7e-12
3e-13
0.0
0.0
5.1e-12
3.9e-12
2.3e-12
3.7e-12
5e-13
1.8e-12
2e-12
3.4e-12
5.1e-12
2.59e-11
1.09e-11
3.13e-11
4.74e-11
0.0
0.0
2.147e-10
2.492e-10
1.384e-10
8.1e-12
6e-13
2e-13
2e-13
2e-12
4e-13
2e-13
6.5e-12
4.9e-12
6e-12
1.15e-11
6.9e-12
1.77e-11
3.58e-11
3.81e-11
5.45e-11
5.21e-11
2.855e-10
3.6e-12
2.5e-12
1.31e-11
8.68e-11
1.405e-10
1.954e-10
1.598e-10
1.278e-10
6.2e-12
5.1e-12
4e-13
1.9e-12
2.7e-12
5.4e-12
7.7e-12
1.32e-11
1.52e-11
1.41e-11
1.34e-11
1.86e-11
1.51e-11
1.71e-11
1.52e-11
1.23e-11
3.96e-11
4.21e-11
4.59e-11
1.7e-10
1.816e-10
8.75e-11
1.61e-11
2.6e-12
1.5e-12
1e-13
0.0
1.6e-12
2e-13
4.2e-12
9.7e-12
3.8e-11
5.66e-11
7.72e-11
5.63e-11
4.22e-11
1.125e-10
1.25e-11
9e-12
8.1e-12
3.46e-11
1.881e-10
3.274e-10
3.208e-10
2.094e-10
2.729e-10
2.439e-10
1.841e-10
2.23e-11
3e-12
2.9e-12
6e-13
2.5e-12
1.3e-11
7.6e-12
4.7e-12
4.4e-12
7e-13
7e-13
1.8e-12
6e-12
1.8e-11
2.3e-11
2.63e-11
1.37e-11
3.5e-12
8.76e-11
1.491e-10
2.034e-10
1.169e-10
6.21e-11
2.3e-12
0.0
0.0
0.0
2.5e-12
5e-13
5.082e-10
8.3e-12
1.09e-11
5.6e-12
2.8e-12
1.9e-12
1.3e-12
0.0
4e-13
8.2e-12
5.5e-12
6.07e-11
4.98e-11
1.217e-10
2.5e-10
2.061e-10
7.69e-11
4.2e-11
3.7e-12
2.5e-12
1.1e-12
3e-13
0.0
2.5e-12
1.47e-11
3.2e-12
4.6e-12
2.4e-12
2.76e-11
1.75e-11
2.87e-11
4.19e-11
3.25e-11
1.46e-11
3.06e-11
2.29e-11
1.079e-10
2.787e-10
2.11e-10
1.765e-10
1.549e-10
1.346e-10
1.037e-10
8.24e-11
2e-12
3e-13
7e-13
3.1e-12
8.9e-12
5.1e-12
2.7e-12
1e-13
0.0
3.5e-12
3.8e-12
7e-12
7.2e-12
7.5e-12
5.4e-12
1.2e-11
1.85e-11
3.066e-10
3.485e-10
2.827e-10
1.834e-10
3e-11
0.0
0.0
5e-13
0.0
0.0
1.5e-12
6.7e-12
1.2e-12
3.9e-12
2.7e-12
9e-13
4.3e-12
1.1e-12
8.9e-12
3.33e-11
0.0
3.75e-11
4.08e-11
1.53e-11
1.137e-10
1.765e-10
1.597e-10
1.13e-10
1.095e-10
7.27e-11
1.3e-12
8e-13
1e-13
0.0
2e-13
7.6e-12
3.4e-12
1.02e-11
1.67e-11
4.65e-11
3.85e-11
4.75e-11
4.1e-11
1.06e-11
2.22e-11
8.15e-11
5.41e-11
7.54e-11
1.088e-10
1.326e-10
9.7e-11
6.05e-11
2.45e-11
1.39e-11
1.31e-11
1.31e-11
1.38e-11
1.73e-11
2.76e-11
1.87e-11
2.43e-11
1.69e-11
1.6e-12
2.1e-12
7.8e-12
6.14e-11
1.94e-11
9.3e-12
2.38e-11
1.66e-10
2.146e-10
2.57e-10
2.494e-10
1.145e-10
6.91e-11
6.39e-11
8.5e-12
1.4e-12
0.0
8e-13
3.4e-12
1.8e-12
7.3e-12
2.2e-12
8e-13
2.3e-12
2.3e-12
3.9e-12
8.2e-12
2.33e-11
3.04e-11
6.6e-12
8.4e-12
2.954e-10
2.4e-11
8.74e-11
2.092e-10
2.396e-10
1.852e-10
1.299e-10
4.17e-11
3.5e-12
2e-12
2.92e-11
2.6e-12
1.6e-12
4.3e-12
2.04e-11
4.5e-12
9.6e-12
1.19e-11
1.28e-11
8.2e-12
8.7e-12
6.2e-12
7.6e-12
3.4e-12
1e-13
5.68e-11
4.41e-11
7.4e-11
2.788e-10
1.845e-10
7.54e-11
4.1e-12
4.1e-12
0.0
0.0
1e-13
1e-13
1.9e-12
1.04e-11
1.2e-12
2.8e-12
2.9e-12
3.9e-12
5.3e-12
1.87e-11
1.34e-11
9.5e-12
3.5e-12
0.0
7.4e-12
2.69e-11
9.32e-11
2.503e-10
1.059e-10
4.23e-11
3.9e-12
1.1e-12
9e-13
1.3e-12
1e-12
9e-13
3.7e-12
9.2e-12
3.9e-12
6.6e-12
9.3e-12
7.4e-12
4.2e-12
2.1e-12
4.6e-12
5.6e-12
4.66e-11
9.1e-11
5.47e-11
3.34e-11
7.23e-11
1.766e-10
1.131e-10
3.9e-11
2.08e-11
1.8e-12
3.6e-12
3.4e-12
6e-13
0.0
4e-13
2.6e-12
7e-12
1.16e-11
8.9e-12
3.6e-12
2.3e-12
5.8e-12
1.53e-11
5.06e-11
5.17e-11
4.62e-11
3.68e-11
2.42e-11
8.53e-11
1.088e-10
0.0
1.334e-10
4.03e-11
4.6e-12
8.9e-12
1.12e-11
1.45e-11
1.04e-11
1e-11
1.21e-11
2e-12
2e-12
6.94e-11
7.83e-11
2.16e-11
2.06e-11
1.24e-11
8.4e-12
8.4e-12
4.9e-12
2.2e-12
7.7e-12
5.63e-11
1.952e-10
1.924e-10
4.5e-11
2.75e-11
8.2e-12
1.6e-12
8e-13
1.7e-12
2.2e-12
1.2e-12
4e-12
2.1e-12
7.3e-12
2.04e-11
1.33e-11
6.68e-11
4.13e-11
9.4e-12
8.8e-12
2.24e-11
3.86e-11
4.63e-11
1.324e-10
0.0
3.267e-10
2.39e-10
7.69e-11
7.4e-12
1.8e-12
1.9e-12
6e-13
6e-13
5e-13
1.2e-12
5.9e-12
6.3e-12
3.7e-12
8.2e-12
1.54e-11
4.09e-11
3.41e-11
3.65e-11
2.69e-11
3.72e-11
1.22e-11
6.4e-11
8.48e-11
1.271e-10
2.712e-10
5.57e-11
1.477e-10
1.061e-10
1.1e-11
9.3e-12
9.2e-12
9.6e-12
9.7e-12
1.04e-11
1.32e-11
1.22e-11
1.87e-11
1.3e-12
1.1e-12
3e-13
2.1e-12
4.5e-12
2.71e-11
1.2e-11
1.77e-11
5.44e-11
6.76e-11
8.02e-11
0.0
1.93e-10
0.0
1.048e-10
2.83e-11
2.43e-11
2.39e-11
2.43e-11
2.21e-11
2.26e-11
2.34e-11
7.8e-12
1.39e-11
5.5e-12
2.9e-12
3.2e-12
4e-12
2.8e-12
3e-12
2.5e-12
3.1e-12
7.3e-12
1.23e-11
1.35e-10
2.098e-10
2.312e-10
7.87e-11
1.83e-11
1.56e-11
1.9e-12
0.0
0.0
2.6e-12
1.02e-11
0.0
4.4e-12
6.9e-12
2.2e-12
1.3e-11
4.95e-11
4e-12
2.5e-12
2.38e-11
1.48e-11
2.2e-12
3e-12
3.58e-11
2.259e-10
2.334e-10
9.85e-11
5.4e-11
2.52e-11
1.31e-11
2.9e-12
0.0
3e-13
1e-13
2.4e-12
1.43e-11
4.6e-12
6e-12
4.2e-12
1.78e-11
2.16e-11
6.15e-11
4.32e-11
3.74e-11
4.21e-11
5.85e-11
3.88e-11
2.99e-11
9.94e-11
1.143e-10
1.462e-10
0.0
8.61e-11
9.69e-11
8.2e-12
1.7e-12
1.1e-12
3e-13
3.3e-12
1.8e-12
2e-12
2.13e-11
1.81e-11
9.9e-12
2.1e-11
1.056e-10
5.8e-11
1.192e-10
1.157e-10
1.06e-11
2.05e-11
2.62e-11
1.266e-10
6.6e-11
5.08e-11
5.2e-11
2.59e-11
2.05e-11
7.3e-12
1e-13
1.8e-12
3.2e-12
2.2e-12
4.2e-12
5.3e-12
2.18e-11
1.75e-11
3.15e-11
2.04e-11
9.4e-12
2.4e-12
1.9e-12
1.45e-11
1.093e-10
1.218e-10
1.277e-10
2.225e-10
2.534e-10
1.87e-10
1.521e-10
7.92e-11
7e-12
3.2e-12
1.7e-12
1.4e-12
0.0
3e-13
6.7e-12
9.2e-12
5e-12
6.1e-12
5.5e-12
9.6e-12
5.8e-12
3.7e-12
8.6e-12
3.8e-12
2.44e-11
3.68e-11
5.54e-11
1.005e-10
7.58e-11
7.15e-11
3.33e-11
3e-11
1.3e-12
0.0
0.0
5e-13
0.0
1.1e-12
1.35e-11
1.1e-12
1.3e-12
3.6e-12
5.6e-12
5.9e-12
1.44e-11
1.89e-11
3.08e-11
6.32e-11
3.44e-11
6.01e-11
7.78e-11
1.005e-10
1.872e-10
1.457e-10
4.56e-11
3.2e-11
3e-11
9.2e-12
1.9e-12
7e-13
1e-13
2e-13
1.3e-12
6e-12
1.36e-11
1.85e-11
1.07e-11
6.8e-12
4.32e-11
7e-11
6e-13
5e-13
9.3e-12
1.465e-10
9.11e-11
1.148e-10
2.12e-10
2.583e-10
1.874e-10
2.82e-11
2.6e-12
1e-12
0.0
3e-13
1.4e-12
3e-13
1.337e-10
1.3e-12
4.4e-12
6.1e-12
1.7e-12
2e-12
3.5e-12
3e-12
1.4e-12
1.9e-12
1.48e-11
1.1e-11
6.15e-11
1.541e-10
3.136e-10
2.901e-10
2.008e-10
1.284e-10
1.05e-11
2.6e-12
1e-13
0.0
0.0
1.1e-12
1.05e-11
3.6e-12
4.8e-12
4.98e-11
3.74e-11
3.45e-11
3.1e-11
3.21e-11
2.25e-11
1.67e-11
3.09e-11
5.43e-11
3.54e-11
5.85e-11
2.619e-10
2.346e-10
1.044e-10
2.83e-11
3.6e-12
2.1e-12
2.1e-12
2.4e-12
1e-13
1.2e-12
9.6e-12
1.18e-11
4.6e-12
0.0
9e-13
7e-12
4.3e-12
2.37e-11
9.84e-11
6.12e-11
4.53e-11
5.14e-11
8.89e-11
2.405e-10
4.249e-10
3.455e-10
2.103e-10
8.3e-11
6.3e-12
0.0
2e-13
9.99999999999e-14
6e-13
1.7e-12
4.1e-12
4.57e-11
6.83e-11
6.75e-11
8.49e-11
7.05e-11
2.7e-11
5.23e-11
4.04e-11
2.28e-11
0.0
1.925e-10
3.637e-10
3.016e-10
2.621e-10
1.132e-10
1.053e-10
4.26e-11
6.8e-12
8e-13
1e-13
5.4e-12
0.0
0.0
5.6e-12
1.11e-11
6.6e-12
4.6e-12
3.9e-12
2.13e-11
1.92e-11
6.3e-12
7.3e-12
3.28e-11
2.71e-11
2.05e-11
4.03e-11
1.611e-10
2.254e-10
1.73e-10
1.007e-10
7.86e-11
2.66e-11
5.9e-12
5.5e-12
5.5e-12
4.8e-12
1.2e-12
1.58e-11
0.0
6.3e-12
3.27e-11
1.71e-11
3.86e-11
7.4e-12
6.8e-12
1.28e-11
1.84e-11
8.75e-11
8.84e-11
9.72e-11
6.53e-11
9.06e-11
1.72e-10
1.473e-10
1.95e-11
2.2e-12
1.7e-12
5.1e-12
3.7e-12
3.8e-12
1.8e-12
1.09e-11
1.5e-12
1.52e-11
3.2e-11
1.26e-11
1.9e-11
2.61e-11
3.9e-12
3.4e-12
6e-12
1.39e-11
4.93e-11
6.82e-11
1.236e-10
1.672e-10
1.598e-10
1.475e-10
2.9e-11
0.0
0.0
4.2e-12
1.9e-12
0.0
8.5e-12
2.11e-11
2.36e-11
7.7e-12
4.5e-12
3e-12
1.8e-12
5e-13
3.3e-12
1.14e-11
7.6e-12
8.6e-12
3.73e-11
5.97e-11
0.0
1.092e-10
8.53e-11
4.05e-11
2.05e-11
9.5e-12
4.4e-12
3e-13
3e-13
7e-13
2.7e-12
0.0
6.5e-12
0.0
1.1e-12
6.7e-12
9.8e-12
2.6e-12
4e-13
8e-13
4.8e-12
4.7e-12
4.7e-12
1.16e-11
0.0
5.7e-11
8.59e-11
5.1e-11
2.85e-11
1.86e-11
1.23e-11
1.01e-11
9.8e-12
1e-11
1.58e-11
0.0
1.5e-12
5.2e-12
2.4e-12
2.84e-11
3.11e-11
2.45e-11
4.38e-11
1.02e-11
4.43e-11
5.95e-11
5.71e-11
6.89e-11
2.176e-10
3.137e-10
2.659e-10
1.546e-10
1.83e-11
3.1e-12
4.7e-12
3.3e-12
4.9e-12
2.1e-12
1e-12
6.3e-12
4e-12
2.8e-12
1.6e-11
2.72e-11
3.61e-11
4.02e-11
3.66e-11
3.82e-11
4.8e-11
4.19e-11
5.73e-11
6.61e-11
9.81e-11
2.873e-10
2.402e-10
2.01e-10
1.221e-10
5.99e-11
4e-13
0.0
0.0
1e-13
0.0
4e-12
1.266e-10
8e-13
5.5e-12
2.07e-11
1.8e-12
1.39e-11
2.32e-11
7.3e-12
1.12e-11
1.13e-11
2e-11
3.5e-11
4.83e-11
2.404e-10
2.374e-10
8.37e-11
4.6e-12
0.0
4.1e-12
2e-12
9e-13
0.0
8e-13
2.3e-11
1.64e-11
7.8e-12
1.14e-11
1.18e-11
4.1e-12
6.1e-12
3.1e-12
5e-12
7.9e-12
7.8e-12
4.3e-12
1.39e-11
4.54e-11
1.227e-10
1.071e-10
2.86e-11
2.29e-11
6.9e-12
1.42e-11
6.1e-12
3.1e-12
0.0
1.4e-12
6.5e-12
7.3e-12
8.3e-12
6.2e-12
3.5e-12
2.8e-12
3.4e-12
1.9e-12
1.3e-12
3.3e-12
3.2e-12
3.23e-11
6.53e-11
1.821e-10
2.129e-10
7.69e-11
4.32e-11
2.18e-11
1.06e-11
0.0
1e-12
0.0
5e-13
1.9e-12
0.0
1.88e-11
1.6e-12
2e-12
2e-12
6.8e-12
5.5e-12
1.72e-11
2.74e-11
3.34e-11
2.44e-11
1.99e-11
8.64e-11
2.379e-10
0.0
2.785e-10
9.36e-11
5.53e-11
2.87e-11
1.38e-11
8e-12
7.9e-12
8.1e-12
9.9e-12
1.19e-11
1.15e-11
4.5e-12
4.8e-12
1.6e-12
3.6e-12
4.5e-12
1e-11
6e-12
7e-12
5.9e-12
1.9e-11
3.48e-11
2.054e-10
1.836e-10
2.048e-10
3.002e-10
2.335e-10
1.075e-10
3.8e-12
0.0
0.0
1e-13
0.0
3.3e-12
9.1e-12
4.8e-12
5.7e-12
1.4e-11
1.05e-11
6.9e-12
9.1e-12
1.7e-11
1.22e-11
1.1e-11
5.16e-11
5.48e-11
8.3e-11
2.684e-10
3.53e-10
1.835e-10
9.12e-11
1.37e-11
4.7e-12
1.6e-12
1.2e-12
0.0
0.0
0.0
2e-13
1.4e-12
3.2e-12
0.0
6.2e-12
8e-12
1.41e-11
1.99e-11
6.2e-12
1.78e-11
7.61e-11
7.5e-11
2.552e-10
3.173e-10
3.049e-10
2.63e-10
1.609e-10
6.56e-11
4.71e-11
1.19e-11
1.01e-11
1e-11
9.6e-12
1.47e-11
1.24e-11
1.43e-11
2.66e-11
2.01e-11
9e-12
2.2e-12
4.9e-12
7.2e-12
5.8e-12
6.3e-12
1.49e-11
1e-11
1.88e-11
1.535e-10
1.028e-10
7.99e-11
1.75e-11
1.7e-12
2e-12
2.1e-12
2.7e-12
2.9e-12
3e-12
5.2e-12
1.66e-11
6.4e-12
9.3e-12
4.2e-12
4.7e-12
2.56e-11
3.05e-11
9.5e-12
6.5e-12
9e-13
3.13e-11
4.11e-11
6.98e-11
1.927e-10
1.905e-10
1.507e-10
1.028e-10
8.44e-11
1.69e-11
1.35e-11
1.01e-11
1e-11
6.5e-12
9.7e-12
1.44e-11
2.3e-12
3.7e-12
1.8e-12
3.9e-12
1.12e-11
9.5e-12
6.8e-12
9.2e-12
1.13e-11
5.7e-12
2.45e-11
1.29e-10
1.65e-10
1.622e-10
7.71e-11
2.61e-11
1.5e-11
8e-12
5e-12
4.9e-12
5e-12
7.1e-12
6.3e-12
1.68e-11
1.32e-11
7.1e-12
4.3e-12
1.01e-11
3.83e-11
4.84e-11
8.72e-11
1.77e-11
5.8e-11
1.448e-10
1.509e-10
1.796e-10
2.089e-10
2.593e-10
9.3e-11
1.47e-11
1.68e-11
1.95e-11
1.25e-11
1.23e-11
1.22e-11
1.11e-11
1.27e-11
2.44e-11
1.62e-11
7.7e-12
1.73e-11
2.06e-11
7e-12
7.7e-12
6e-12
6.7e-12
1.04e-11
2.51e-11
2.13e-11
7.5e-12
1.338e-10
1.843e-10
1.224e-10
3.81e-11
1.86e-11
5.3e-12
5.4e-12
4e-13
8e-13
1.8e-12
2.8e-12
1.18e-11
5.7e-12
1.17e-11
1.35e-11
1.2e-11
1.36e-11
1.41e-11
7.3e-12
5.2e-12
3.8e-12
3.88e-11
6.81e-11
9.58e-11
2.605e-10
2.471e-10
1.441e-10
1.9e-11
1.2e-12
4e-13
1.5e-12
2.9e-12
2.4e-12
1.3e-12
7e-13
3.5e-12
4.1e-12
5.96e-11
5.24e-11
4.33e-11
7.8e-12
4.6e-12
4.21e-11
4.39e-11
4.21e-11
4.16e-11
1.393e-10
3.161e-10
4.032e-10
3.207e-10
1.672e-10
9.34e-11
1.48e-11
7e-13
9e-13
2.1e-12
1.8e-12
7e-13
2.3e-12
3.883e-10
1.1e-11
1.08e-11
7.1e-12
1.26e-11
7.3e-12
3.31e-11
3.15e-11
1.25e-11
2.38e-11
3.5e-11
6.14e-11
9.93e-11
2.565e-10
1.935e-10
6.6e-11
3e-11
3.12e-11
3.03e-11
2.4e-12
1e-13
0.0
0.0
1.03e-11
2.51e-11
3.1e-12
4.8e-12
6.4e-12
9.5e-12
2.16e-11
3.3e-12
4.6e-12
4.6e-12
9.6e-12
1.99e-11
2.16e-11
5.25e-11
1.532e-10
1.755e-10
1.741e-10
1.208e-10
1.27e-11
8.8e-12
4.7e-12
7e-13
0.0
0.0
1.41e-11
0.0
6.8e-12
8.2e-12
8.2e-12
3.3e-12
1.02e-11
1.8e-12
8.5e-12
1e-11
2.85e-11
6.22e-11
4.26e-11
1.39e-10
1.881e-10
2.326e-10
1.33e-10
5.54e-11
2.4e-12
3.3e-12
1.9e-12
5e-13
0.0
2.1e-12
2.8e-12
3e-12
4.3e-12
2.52e-11
1.78e-11
1.05e-11
1.71e-11
7.5e-12
4.98e-11
3.36e-11
1.03e-11
5.22e-11
4.81e-11
5.57e-11
1.737e-10
2.7e-10
1.493e-10
2e-11
4.1e-12
3.7e-12
3.3e-12
4.2e-12
2.3e-12
1.8e-12
1.46e-11
7.8e-12
1.1e-12
5.4e-12
4.1e-12
6.9e-12
1.64e-11
2.01e-11
7.9e-12
2.3e-12
1.5e-12
1.38e-11
2.12e-11
1.95e-11
1.869e-10
2.817e-10
2.009e-10
1.144e-10
1.4e-12
1.2e-12
1.1e-12
1e-13
9.99999999999e-14
0.0
0.0
7.1e-12
6e-12
6.8e-12
2.78e-11
8.2e-11
9.23e-11
1.9e-11
1.18e-11
1.15e-11
9.4e-12
1.06e-11
1.06e-11
7.51e-11
2.179e-10
3.147e-10
1.43e-10
1.32e-11
8.1e-12
3.3e-12
1.5e-12
1.7e-12
3e-13
0.0
1e-13
7.2e-12
1.15e-11
3.19e-11
6.7e-11
2.97e-11
1.11e-11
9.7e-12
1.18e-11
3.29e-11
5.76e-11
6.31e-11
6.19e-11
9.93e-11
1.778e-10
6.51e-11
5.99e-11
2.34e-11
2.6e-12
0.0
1e-13
2.3e-12
3.8e-12
3.5e-12
2e-12
9.2e-12
1.2e-11
1.02e-11
1.34e-11
1.31e-11
1.18e-11
1.03e-11
3.3e-12
0.0
8.9e-12
1.89e-11
1.21e-11
3.5e-11
1.627e-10
1.732e-10
1.076e-10
2.61e-11
0.0
0.0
3.8e-12
5.6e-12
5.5e-12
5.6e-12
6.2e-12
2.28e-10
1.43e-11
8.7e-12
6.7e-12
4.3e-12
3.7e-12
2.26e-11
4.02e-11
4.18e-11
4.32e-11
4.15e-11
5.19e-11
8.08e-11
1.457e-10
1.446e-10
1.596e-10
8.74e-11
1.47e-11
1.7e-12
1.6e-12
6e-13
1e-13
0.0
0.0
2.53e-11
1.72e-11
1.55e-11
1.41e-11
1.64e-11
3.24e-11
3.25e-11
3.69e-11
2.7e-11
7.1e-12
9.7e-12
3.04e-11
4.25e-11
7.87e-11
9.96e-11
7.81e-11
2.85e-11
1.5e-11
1.48e-11
0.0
4e-12
2.96e-11
7e-13
0.0
1.5e-12
7.1e-12
3.31e-11
5.65e-11
3.09e-11
1.82e-11
2.5e-11
5.71e-11
4.54e-11
2.32e-11
5.05e-11
9.1e-11
1.982e-10
2.056e-10
2.133e-10
1.622e-10
1.121e-10
5.71e-11
1.7e-12
6e-13
1.5e-12
1.1e-12
0.0
3e-13
1.1e-12
3.2e-12
8.8e-12
7.1e-12
5.7e-12
6.5e-12
5.4e-12
3.48e-11
2.77e-11
3.1e-11
3.172e-10
6.4e-11
7.4e-11
1.729e-10
2.131e-10
1.559e-10
1.562e-10
1.237e-10
1.012e-10
1.39e-11
1.1e-12
0.0
0.0
0.0
1.11e-11
6.9e-12
3.43e-11
6.81e-11
5.34e-11
4.84e-11
5.72e-11
7.1e-12
7.02e-11
4.42e-11
2.82e-11
3.17e-11
7.71e-11
1.937e-10
1.602e-10
7.5e-11
1.16e-11
9e-13
7e-13
8e-13
8e-13
8e-13
9e-13
7e-13
1.6e-12
6e-12
5.4e-12
7.9e-12
1.73e-11
1.81e-11
1.35e-11
1.58e-11
8.8e-12
2.7e-12
3.79e-11
0.0
1.362e-10
1.813e-10
1.856e-10
1.258e-10
6.81e-11
3.93e-11
1.91e-11
1.51e-11
7.8e-12
7.8e-12
7.8e-12
8.3e-12
9.3e-12
6e-13
5.5e-12
3.6e-12
1e-12
4.8e-12
8.9e-12
1.29e-11
1.43e-11
6.3e-12
5.9e-12
3.2e-12
5.77e-11
1.666e-10
1.794e-10
1.62e-10
1.411e-10
6.53e-11
2.8e-11
3e-13
3e-13
3e-13
3e-13
3e-13
6e-13
6.3e-12
8.3e-12
8.4e-12
6.3e-12
6e-13
2.5e-12
3.5e-12
6.8e-12
2.8e-12
4.81e-11
1.638e-10
2.561e-10
3.447e-10
3.979e-10
2.293e-10
8.76e-11
4.1e-12
2.5e-12
7e-13
2e-13
2e-13
1e-13
1.3e-12
1.5e-12
4.1e-12
4.6e-12
5.9e-12
2.8e-12
1e-13
3.3e-12
7.31e-11
5.28e-11
5.74e-11
4.31e-11
4.2e-11
2.033e-10
4.063e-10
3.299e-10
1.463e-10
1.718e-10
1.442e-10
2.05e-11
0.0
0.0
0.0
0.0
1.17e-11
8.1e-12
8e-12
9.9e-12
0.0
7.2e-12
4.3e-12
4.7e-12
4.91e-11
7.6e-12
3.8e-12
1.06e-11
6.13e-11
1.37e-10
3.085e-10
3.084e-10
1.925e-10
1.478e-10
8.3e-11
0.0
1e-13
1e-13
0.0
2.1e-12
2.5e-12
3.5e-12
8.1e-12
1.29e-11
1.64e-11
3.91e-11
1.1e-12
2e-13
2.4e-12
5.946e-10
1e-13
2.3e-12
6.097e-10
7.02e-11
1.398e-10
1.295e-10
3.78e-11
1.22e-11
3.69e-11
0.0
0.0
0.0
0.0
0.0
9.5e-12
1.8e-12
4e-12
1.06e-11
1.4e-11
8.07e-11
7e-11
7.71e-11
9.11e-11
7.5e-11
1.067e-10
1.4e-10
1.613e-10
1.8e-10
3.341e-10
2.336e-10
8.64e-11
4.29e-11
4.1e-11
4.11e-11
3e-12
1.5e-12
3e-13
0.0
9.8e-12
1.6e-11
5.5e-12
9.5e-12
1.8e-11
1.33e-11
7.4e-12
1.18e-11
5.83e-11
1.518e-10
1.432e-10
2.134e-10
2.366e-10
2.615e-10
0.0
1.28e-10
2.092e-10
3.54e-11
4.9e-12
3.5e-12
7e-13
1.4e-12
2.4e-12
3.9e-12
4e-13
1.4e-12
0.0
2.6e-12
3.3e-12
1e-12
7.7e-12
2.08e-11
4.3e-11
4.03e-11
4.18e-11
4.57e-11
6.84e-11
1.208e-10
3.012e-10
3.97e-10
2.691e-10
2.592e-10
1.956e-10
7.56e-11
5.3e-12
2.1e-12
2.6e-12
2.2e-12
1e-13
3.4e-12
1.3e-12
3e-12
9.7e-12
1.03e-11
2.8e-12
4.4e-12
1.2e-12
3e-12
3.4e-12
1.08e-11
1.23e-11
1.582e-10
4.195e-10
3.676e-10
2.613e-10
1.332e-10
1.004e-10
2.55e-11
2.24e-11
2.09e-11
1.89e-11
1.85e-11
1.99e-11
2.16e-11
6e-13
5e-12
0.0
0.0
6.22e-11
1.86e-11
5.2e-12
3.33e-11
5.64e-11
4.73e-11
2.1e-11
9.58e-11
3.189e-10
4.029e-10
2.965e-10
1.567e-10
7.81e-11
1.5e-12
1.3e-12
1e-12
2.1e-12
1.3e-12
2e-13
6.4e-12
5.9e-12
6.1e-12
5.3e-12
1.19e-11
6.3e-12
4.5e-12
6.1e-12
7.9e-12
3.02e-11
1.01e-11
1.2e-11
9.87e-11
1.51e-11
2.997e-10
3.334e-10
1.334e-10
1.088e-10
3.47e-11
1.14e-11
1.17e-11
4.8e-12
4.7e-12
2.05e-11
1.58e-11
2.4e-12
5.8e-12
9.9e-12
1.4e-11
5.6e-12
1.6e-12
2.6e-12
4.33e-11
4.09e-11
4.55e-11
1.46e-11
2.46e-11
1.43e-10
2.743e-10
2.054e-10
1.218e-10
2.73e-11
7.6e-12
7.4e-12
8.1e-12
8.9e-12
8.2e-12
7.7e-12
1.39e-11
1.23e-11
1.45e-11
2e-11
1.47e-11
1.14e-11
1.61e-11
1.299e-10
1.002e-10
1.048e-10
1.132e-10
1.567e-10
2.188e-10
2.851e-10
2.423e-10
1.343e-10
2.92e-11
7.5e-12
6.9e-12
6.9e-12
8.3e-12
2.8e-12
1.5e-12
3e-13
0.0
6.6e-12
1.43e-11
2.1e-12
4.7e-12
5.2e-12
2.5e-12
2.5e-12
9.6e-12
3e-12
1.59e-11
4.56e-11
7.72e-11
1.733e-10
2.183e-10
1.136e-10
1.066e-10
3.04e-11
1.25e-11
7e-12
7e-12
6.9e-12
6.9e-12
7e-12
1.01e-11
3e-12
1.4e-12
2.8e-12
1e-11
1.13e-11
9.6e-12
7.7e-12
7.9e-12
6.3e-12
4.8e-12
0.0
4.37e-11
1.356e-10
1.759e-10
1.821e-10
8.19e-11
1.91e-11
7.7e-12
7.5e-12
6e-13
0.0
0.0
0.0
1.9e-12
2.5e-12
1.4e-12
3.9e-12
3.4e-12
3.1e-12
3.8e-12
3.2e-12
4.2e-12
1.1e-12
5.47e-11
4.85e-11
5.21e-11
1.487e-10
1.34e-10
1.11e-10
1.085e-10
6.58e-11
1.31e-11
9.7e-12
7.7e-12
1e-13
0.0
0.0
1.29e-11
2.7e-12
6.5e-12
1e-11
8.5e-12
7.4e-12
9.7e-12
3.1e-12
6e-12
5.6e-12
2.03e-11
8.12e-11
1.79e-10
2.738e-10
2.33e-10
1.965e-10
9.87e-11
4.23e-11
1.11e-11
8.5e-12
6.8e-12
8.8e-12
7.5e-12
2.5e-12
2.4e-12
6.6e-12
6.8e-12
6.6e-12
1.51e-11
2.52e-11
7e-13
4.9e-12
8.1e-12
3.2e-12
9.5e-12
5.76e-11
6.56e-11
1.467e-10
2.135e-10
1.666e-10
1.171e-10
2.85e-11
1.1e-11
7.9e-12
6.8e-12
8e-12
1.11e-11
1.15e-11
1.5e-12
2.5e-12
3.3e-12
1.29e-11
1.43e-11
3.85e-11
1.18e-11
7.7e-12
1.11e-11
0.0
6.5e-12
6e-12
7.7e-12
9.71e-11
1.219e-10
1.068e-10
9.2e-11
8.8e-12
7.2e-12
7e-12
7.1e-12
6.8e-12
6.9e-12
5.2e-12
4.5e-12
5.1e-12
6.7e-12
6.7e-12
3.7e-12
2.9e-12
2.3e-12
4.53e-11
3.71e-11
6.8e-12
0.0
4.5e-11
6.3e-11
9.65e-11
6.75e-11
6.72e-11
2.97e-11